Bait	Prey	PreyGene	Spec	SpecSum	AvgSpec	NumReplicates	ctrlCounts	AvgP	MaxP	TopoAvgP	TopoMaxP	SaintScore	logOddsScore	FoldChange	BFDR
E-A549-Nt	BirA_R118G_H0QFJ5	BirA_R118G_H0QFJ5	131	131	131.00	1	268|927|0	0.00	0.00	0.00	0.00	0.00	-inf	0.22	0.54
E-A549-Nt	NP_000038.2	ARSL	6	6	6.00	1	0|0|0	1.00	1.00	1.00	1.00	1.00	10.50	60.00	0.00
E-A549-Nt	NP_000043.3	ATP7A	7	7	7.00	1	0|0|0	1.00	1.00	1.00	1.00	1.00	12.11	70.00	0.00
E-A549-Nt	NP_000103.2	SLC26A2	5	5	5.00	1	0|0|0	1.00	1.00	1.00	1.00	1.00	8.87	50.00	0.00
E-A549-Nt	NP_000108.1	EMD	53	53	53.00	1	7|13|0	1.00	1.00	1.00	1.00	1.00	17.58	5.30	0.00
E-A549-Nt	NP_000111.1	EPHX1	14	14	14.00	1	0|0|0	1.00	1.00	1.00	1.00	1.00	22.89	140.00	0.00
E-A549-Nt	NP_000156.1	GJA1	13	13	13.00	1	0|0|0	1.00	1.00	1.00	1.00	1.00	21.39	130.00	0.00
E-A549-Nt	NP_000262.2	NPC1	10	10	10.00	1	0|0|0	1.00	1.00	1.00	1.00	1.00	16.81	100.00	0.00
E-A549-Nt	NP_000267.2	OCRL	29	29	29.00	1	21|20|0	0.00	0.00	0.00	0.00	0.00	-30.89	1.41	0.44
E-A549-Nt	NP_000288.1	PKD2	11	11	11.00	1	0|0|0	1.00	1.00	1.00	1.00	1.00	18.36	110.00	0.00
E-A549-Nt	NP_000393.4	G6PD	88	88	88.00	1	96|141|0	0.00	0.00	0.00	0.00	0.00	-293.44	0.74	0.54
E-A549-Nt	NP_000402.3	HLCS	7	7	7.00	1	2|0|0	0.96	0.96	0.96	0.96	0.96	3.11	7.00	0.01
E-A549-Nt	NP_000407.1	IFNGR1	2	2	2.00	1	0|0|0	0.97	0.97	0.97	0.97	0.97	3.60	20.00	0.00
E-A549-Nt	NP_000475.1	APP	7	7	7.00	1	0|0|0	1.00	1.00	1.00	1.00	1.00	12.66	70.00	0.00
E-A549-Nt	NP_000523.2	PCCB	8	8	8.00	1	0|0|2	0.98	0.98	0.98	0.98	0.98	3.76	8.00	0.00
E-A549-Nt	NP_000628.2	GSR	3	3	3.00	1	3|4|0	0.00	0.00	0.00	0.00	0.00	-8.50	0.86	0.24
E-A549-Nt	NP_000652.2	RPL9	2	2	2.00	1	0|0|0	0.97	0.97	0.98	0.98	0.98	3.77	20.00	0.00
E-A549-Nt	NP_000678.1	AHCY	6	6	6.00	1	30|13|0	0.00	0.00	0.00	0.00	0.00	-73.67	0.28	0.54
E-A549-Nt	NP_000691.1	ANXA1	51	51	51.00	1	67|96|0	0.00	0.00	0.00	0.00	0.00	-219.06	0.63	0.54
E-A549-Nt	NP_000867.2	IGF2R	14	14	14.00	1	0|2|0	1.00	1.00	1.00	1.00	1.00	7.52	14.00	0.00
E-A549-Nt	NP_000911.2	PC	703	703	703.00	1	225|226|1091	0.00	0.00	0.00	0.00	0.00	-inf	1.07	0.54
E-A549-Nt	NP_000932.3	POR	55	55	55.00	1	0|0|0	1.00	1.00	1.00	1.00	1.00	82.39	550.00	0.00
E-A549-Nt	NP_000959.2	RPL4	5	5	5.00	1	5|4|0	0.00	0.00	0.00	0.00	0.00	-8.92	1.11	0.26
E-A549-Nt	NP_000960.2	RPL5	12	12	12.00	1	0|4|0	0.94	0.94	0.95	0.95	0.95	3.02	6.00	0.01
E-A549-Nt	NP_000961.2	RPL6	31	31	31.00	1	4|12|7	1.00	1.00	1.00	1.00	1.00	7.22	3.26	0.00
E-A549-Nt	NP_000963.1	RPL7A	6	6	6.00	1	0|3|0	0.80	0.80	0.82	0.82	0.82	1.54	4.00	0.01
E-A549-Nt	NP_000971.1	RPL18A	6	6	6.00	1	0|0|0	1.00	1.00	1.00	1.00	1.00	10.63	60.00	0.00
E-A549-Nt	NP_000977.1	RPL24	5	5	5.00	1	3|6|0	0.00	0.00	0.00	0.00	0.00	-8.96	1.11	0.26
E-A549-Nt	NP_000981.1	RPL27A	4	4	4.00	1	0|0|0	1.00	1.00	1.00	1.00	1.00	7.31	40.00	0.00
E-A549-Nt	NP_000982.2	RPL28	7	7	7.00	1	0|0|0	1.00	1.00	1.00	1.00	1.00	12.19	70.00	0.00
E-A549-Nt	NP_000986.2	RPL34	5	5	5.00	1	0|0|0	1.00	1.00	1.00	1.00	1.00	8.97	50.00	0.00
E-A549-Nt	NP_000995.1	RPLP2	5	5	5.00	1	8|10|0	0.00	0.00	0.00	0.00	0.00	-25.56	0.56	0.54
E-A549-Nt	NP_001001.2	RPS6	4	4	4.00	1	0|0|0	1.00	1.00	1.00	1.00	1.00	7.30	40.00	0.00
E-A549-Nt	NP_001001330.1	REEP3	3	3	3.00	1	0|0|0	1.00	1.00	1.00	1.00	1.00	5.44	30.00	0.00
E-A549-Nt	NP_001002.1	RPS7	7	7	7.00	1	0|2|0	0.96	0.96	0.96	0.96	0.96	3.24	7.00	0.01
E-A549-Nt	NP_001002762.2	DNAJB12	7	7	7.00	1	0|0|0	1.00	1.00	1.00	1.00	1.00	12.11	70.00	0.00
E-A549-Nt	NP_001002857.1	ANXA2	60	60	60.00	1	62|75|0	0.00	0.00	0.00	0.00	0.00	-155.31	0.88	0.53
E-A549-Nt	NP_001003.1	RPS8	4	4	4.00	1	0|0|0	1.00	1.00	1.00	1.00	1.00	7.32	40.00	0.00
E-A549-Nt	NP_001004.2	RPS9	3	3	3.00	1	0|0|0	1.00	1.00	1.00	1.00	1.00	5.53	30.00	0.00
E-A549-Nt	NP_001005291.1	SREBF1	54	54	54.00	1	0|0|0	1.00	1.00	1.00	1.00	1.00	80.96	540.00	0.00
E-A549-Nt	NP_001005498.2	RHBDF2	4	4	4.00	1	0|0|0	1.00	1.00	1.00	1.00	1.00	7.18	40.00	0.00
E-A549-Nt	NP_001006.1	RPS11	7	7	7.00	1	0|0|0	1.00	1.00	1.00	1.00	1.00	12.19	70.00	0.00
E-A549-Nt	NP_001006600.1	ERBIN	3	3	3.00	1	60|46|0	0.00	0.00	0.00	0.00	0.00	-221.49	0.06	0.54
E-A549-Nt	NP_001007215.1	CACYBP	4	4	4.00	1	4|7|0	0.00	0.00	0.00	0.00	0.00	-14.14	0.73	0.34
E-A549-Nt	NP_001007279.1	TRIM13	16	16	16.00	1	0|0|0	1.00	1.00	1.00	1.00	1.00	25.87	160.00	0.00
E-A549-Nt	NP_001007566.1	TFG	11	11	11.00	1	4|6|0	0.07	0.07	0.07	0.07	0.07	-2.55	2.20	0.11
E-A549-Nt	NP_001008221.1	CPLX2	23	23	23.00	1	7|12|0	0.10	0.10	0.10	0.10	0.10	-2.20	2.42	0.09
E-A549-Nt	NP_001008389.1	CISD2	29	29	29.00	1	4|4|0	1.00	1.00	1.00	1.00	1.00	20.98	7.25	0.00
E-A549-Nt	NP_001008410.1	STEAP3	4	4	4.00	1	0|0|0	1.00	1.00	1.00	1.00	1.00	7.20	40.00	0.00
E-A549-Nt	NP_001008895.1	CUL4A	2	2	2.00	1	5|7|0	0.00	0.00	0.00	0.00	0.00	-19.88	0.33	0.54
E-A549-Nt	NP_001008938.1	CKAP5	3	3	3.00	1	25|20|0	0.00	0.00	0.00	0.00	0.00	-87.43	0.13	0.54
E-A549-Nt	NP_001009923.1	TMEM230	5	5	5.00	1	0|0|0	1.00	1.00	1.00	1.00	1.00	8.88	50.00	0.00
E-A549-Nt	NP_001009931.1	HRNR	3	3	3.00	1	0|0|0	1.00	1.00	1.00	1.00	1.00	5.44	30.00	0.00
E-A549-Nt	NP_001010.2	RPS15A	9	9	9.00	1	0|3|7	0.01	0.01	0.01	0.01	0.01	-5.18	1.80	0.18
E-A549-Nt	NP_001010972.1	ZYX	6	6	6.00	1	27|25|0	0.00	0.00	0.00	0.00	0.00	-93.48	0.23	0.54
E-A549-Nt	NP_001012680.1	SLC3A2	41	41	41.00	1	19|24|0	0.00	0.00	0.00	0.00	0.00	-17.99	1.91	0.38
E-A549-Nt	NP_001014364.1	FLG2	5	5	5.00	1	0|0|0	1.00	1.00	1.00	1.00	1.00	8.86	50.00	0.00
E-A549-Nt	NP_001016.1	RPS23	8	8	8.00	1	0|0|0	1.00	1.00	1.00	1.00	1.00	13.76	80.00	0.00
E-A549-Nt	NP_001017.1	RPS24	3	3	3.00	1	0|0|0	1.00	1.00	1.00	1.00	1.00	5.51	30.00	0.00
E-A549-Nt	NP_001017408.1	GOPC	17	17	17.00	1	0|2|0	1.00	1.00	1.00	1.00	1.00	9.32	17.00	0.00
E-A549-Nt	NP_001017980.1	VMA21	3	3	3.00	1	0|0|0	1.00	1.00	1.00	1.00	1.00	5.45	30.00	0.00
E-A549-Nt	NP_001018098.1	VPS13C	6	6	6.00	1	4|0|0	0.60	0.60	0.60	0.60	0.60	0.41	3.00	0.02
E-A549-Nt	NP_001019820.1	CANX	14	14	14.00	1	0|0|0	1.00	1.00	1.00	1.00	1.00	23.02	140.00	0.00
E-A549-Nt	NP_001020127.1	SC5D	5	5	5.00	1	0|0|0	1.00	1.00	1.00	1.00	1.00	8.86	50.00	0.00
E-A549-Nt	NP_001020764.1	ARFIP1	11	11	11.00	1	3|7|0	0.05	0.05	0.05	0.05	0.05	-2.88	2.20	0.12
E-A549-Nt	NP_001026859.1	PLAA	21	21	21.00	1	44|48|0	0.00	0.00	0.00	0.00	0.00	-139.92	0.46	0.54
E-A549-Nt	NP_001026866.1	PLD3	9	9	9.00	1	0|0|0	1.00	1.00	1.00	1.00	1.00	15.24	90.00	0.00
E-A549-Nt	NP_001026881.1	ERGIC1	2	2	2.00	1	0|0|0	0.97	0.97	0.97	0.97	0.97	3.60	20.00	0.00
E-A549-Nt	NP_001027017.1	CPT1A	7	7	7.00	1	0|0|0	1.00	1.00	1.00	1.00	1.00	12.12	70.00	0.00
E-A549-Nt	NP_001028675.1	SAR1B	14	14	14.00	1	0|0|0	1.00	1.00	1.00	1.00	1.00	22.89	140.00	0.00
E-A549-Nt	NP_001028690.1	WIPI2	6	6	6.00	1	5|9|0	0.00	0.00	0.00	0.00	0.00	-16.50	0.86	0.36
E-A549-Nt	NP_001029102.1	UBA52	7	7	7.00	1	3|2|0	0.61	0.61	0.62	0.62	0.62	0.48	2.80	0.02
E-A549-Nt	NP_001029249.1	H4C15	9	9	9.00	1	6|7|0	0.00	0.00	0.00	0.00	0.00	-10.40	1.38	0.29
E-A549-Nt	NP_001030024.1	SMOC1	6	6	6.00	1	0|0|0	1.00	1.00	1.00	1.00	1.00	10.50	60.00	0.00
E-A549-Nt	NP_001030168.1	RPL14	2	2	2.00	1	0|0|0	0.97	0.97	0.98	0.98	0.98	3.67	20.00	0.00
E-A549-Nt	NP_001030611.1	NIBAN2	7	7	7.00	1	23|28|0	0.00	0.00	0.00	0.00	0.00	-88.69	0.27	0.54
E-A549-Nt	NP_001032238.1	ACOT1	4	4	4.00	1	6|10|0	0.00	0.00	0.00	0.00	0.00	-23.71	0.50	0.54
E-A549-Nt	NP_001032671.2	SCD5	7	7	7.00	1	0|0|0	1.00	1.00	1.00	1.00	1.00	12.10	70.00	0.00
E-A549-Nt	NP_001032827.1	NPM1	3	3	3.00	1	18|15|0	0.00	0.00	0.00	0.00	0.00	-61.40	0.18	0.54
E-A549-Nt	NP_001034764.1	UNC45A	4	4	4.00	1	18|8|0	0.00	0.00	0.00	0.00	0.00	-43.46	0.31	0.54
E-A549-Nt	NP_001035541.1	RUFY1	6	6	6.00	1	28|30|0	0.00	0.00	0.00	0.00	0.00	-106.29	0.21	0.54
E-A549-Nt	NP_001035814.1	CYLD	4	4	4.00	1	12|12|0	0.00	0.00	0.00	0.00	0.00	-39.90	0.33	0.54
E-A549-Nt	NP_001035937.1	ABHD12	6	6	6.00	1	0|0|0	1.00	1.00	1.00	1.00	1.00	10.50	60.00	0.00
E-A549-Nt	NP_001035938.1	ACBD5	31	31	31.00	1	0|0|0	1.00	1.00	1.00	1.00	1.00	47.88	310.00	0.00
E-A549-Nt	NP_001035963.1	SLC35A2	6	6	6.00	1	0|0|0	1.00	1.00	1.00	1.00	1.00	10.50	60.00	0.00
E-A549-Nt	NP_001036189.1	NECTIN2	4	4	4.00	1	3|5|0	0.00	0.00	0.00	0.00	0.00	-8.79	1.00	0.25
E-A549-Nt	NP_001036199.1	SEC24B	100	100	100.00	1	16|13|0	1.00	1.00	1.00	1.00	1.00	69.88	6.90	0.00
E-A549-Nt	NP_001041683.1	SCYL1	34	34	34.00	1	4|5|0	1.00	1.00	1.00	1.00	1.00	25.21	7.56	0.00
E-A549-Nt	NP_001055.1	TKT	23	23	23.00	1	47|47|0	0.00	0.00	0.00	0.00	0.00	-139.62	0.49	0.54
E-A549-Nt	NP_001070674.1	SEC31A	34	34	34.00	1	8|10|0	1.00	1.00	1.00	1.00	1.00	12.84	3.78	0.00
E-A549-Nt	NP_001070710.1	DEPDC7	27	27	27.00	1	20|22|0	0.00	0.00	0.00	0.00	0.00	-35.47	1.29	0.46
E-A549-Nt	NP_001070952.1	SLC38A1	4	4	4.00	1	0|0|0	1.00	1.00	1.00	1.00	1.00	7.19	40.00	0.00
E-A549-Nt	NP_001072987.1	FAM177A1	6	6	6.00	1	0|0|0	1.00	1.00	1.00	1.00	1.00	10.52	60.00	0.00
E-A549-Nt	NP_001073141.1	FNDC3A	24	24	24.00	1	0|0|0	1.00	1.00	1.00	1.00	1.00	37.68	240.00	0.00
E-A549-Nt	NP_001076428.1	SCARB1	20	20	20.00	1	0|0|0	1.00	1.00	1.00	1.00	1.00	31.79	200.00	0.00
E-A549-Nt	NP_001077059.1	TMEM214	31	31	31.00	1	0|0|0	1.00	1.00	1.00	1.00	1.00	47.88	310.00	0.00
E-A549-Nt	NP_001087.2	ACLY	7	7	7.00	1	20|17|0	0.00	0.00	0.00	0.00	0.00	-59.56	0.38	0.54
E-A549-Nt	NP_001091868.1	COPA	29	29	29.00	1	12|11|0	0.34	0.34	0.34	0.34	0.34	-0.65	2.52	0.04
E-A549-Nt	NP_001092902.1	BCAS3	7	7	7.00	1	16|19|0	0.00	0.00	0.00	0.00	0.00	-55.49	0.40	0.54
E-A549-Nt	NP_001093422.2	ITPR1	8	8	8.00	1	0|0|0	1.00	1.00	1.00	1.00	1.00	13.70	80.00	0.00
E-A549-Nt	NP_001098721.1	ZFYVE16	25	25	25.00	1	49|45|0	0.00	0.00	0.00	0.00	0.00	-135.49	0.53	0.54
E-A549-Nt	NP_001106673.1	NACA	4	4	4.00	1	3|7|0	0.00	0.00	0.00	0.00	0.00	-12.17	0.80	0.31
E-A549-Nt	NP_001106818.1	ECE1	10	10	10.00	1	0|0|0	1.00	1.00	1.00	1.00	1.00	16.80	100.00	0.00
E-A549-Nt	NP_001106849.1	FANCI	2	2	2.00	1	19|12|0	0.00	0.00	0.00	0.00	0.00	-60.22	0.13	0.54
E-A549-Nt	NP_001107803.1	CLCN7	5	5	5.00	1	0|0|0	1.00	1.00	1.00	1.00	1.00	8.87	50.00	0.00
E-A549-Nt	NP_001120676.1	HMOX2	29	29	29.00	1	0|0|0	1.00	1.00	1.00	1.00	1.00	44.97	290.00	0.00
E-A549-Nt	NP_001120729.1	SLC39A10	5	5	5.00	1	0|0|0	1.00	1.00	1.00	1.00	1.00	8.87	50.00	0.00
E-A549-Nt	NP_001120792.1	UBAP2L	6	6	6.00	1	39|39|0	0.00	0.00	0.00	0.00	0.00	-149.37	0.15	0.54
E-A549-Nt	NP_001120864.1	MYRF	12	12	12.00	1	0|0|0	1.00	1.00	1.00	1.00	1.00	19.85	120.00	0.00
E-A549-Nt	NP_001121185.1	ATL1	17	17	17.00	1	0|0|0	1.00	1.00	1.00	1.00	1.00	27.36	170.00	0.00
E-A549-Nt	NP_001121361.1	SPG21	6	6	6.00	1	0|0|0	1.00	1.00	1.00	1.00	1.00	10.50	60.00	0.00
E-A549-Nt	NP_001121903.1	SLC39A14	4	4	4.00	1	0|0|0	1.00	1.00	1.00	1.00	1.00	7.18	40.00	0.00
E-A549-Nt	NP_001123237.1	NSDHL	7	7	7.00	1	0|0|0	1.00	1.00	1.00	1.00	1.00	12.10	70.00	0.00
E-A549-Nt	NP_001123368.1	SYTL4	82	82	82.00	1	28|40|0	0.00	0.00	0.00	0.00	0.00	-14.45	2.41	0.34
E-A549-Nt	NP_001124147.1	CLGN	10	10	10.00	1	0|0|0	1.00	1.00	1.00	1.00	1.00	16.81	100.00	0.00
E-A549-Nt	NP_001124479.1	TMEM131L	3	3	3.00	1	0|0|0	1.00	1.00	1.00	1.00	1.00	5.44	30.00	0.00
E-A549-Nt	NP_001127951.1	LRRC8D	14	14	14.00	1	0|0|0	1.00	1.00	1.00	1.00	1.00	22.87	140.00	0.00
E-A549-Nt	NP_001128567.1	FNDC3B	8	8	8.00	1	0|0|0	1.00	1.00	1.00	1.00	1.00	13.70	80.00	0.00
E-A549-Nt	NP_001129145.1	ATL2	10	10	10.00	1	0|0|0	1.00	1.00	1.00	1.00	1.00	16.80	100.00	0.00
E-A549-Nt	NP_001129245.1	SPATA2	46	46	46.00	1	13|16|0	1.00	1.00	1.00	1.00	1.00	10.73	3.17	0.00
E-A549-Nt	NP_001129392.2	RIC1	6	6	6.00	1	0|0|0	1.00	1.00	1.00	1.00	1.00	10.50	60.00	0.00
E-A549-Nt	NP_001129505.1	PUF60	10	10	10.00	1	40|0|0	0.00	0.00	0.00	0.00	0.00	-57.30	0.50	0.54
E-A549-Nt	NP_001129671.1	GRAMD1A	30	30	30.00	1	0|0|0	1.00	1.00	1.00	1.00	1.00	46.40	300.00	0.00
E-A549-Nt	NP_001132913.1	BCAP31	38	38	38.00	1	9|11|0	1.00	1.00	1.00	1.00	1.00	14.62	3.80	0.00
E-A549-Nt	NP_001132931.1	CNST	6	6	6.00	1	0|0|0	1.00	1.00	1.00	1.00	1.00	10.50	60.00	0.00
E-A549-Nt	NP_001135.3	AMFR	24	24	24.00	1	0|0|0	1.00	1.00	1.00	1.00	1.00	37.78	240.00	0.00
E-A549-Nt	NP_001135748.1	APLP2	9	9	9.00	1	0|0|0	1.00	1.00	1.00	1.00	1.00	15.26	90.00	0.00
E-A549-Nt	NP_001135765.1	ARFGAP3	19	19	19.00	1	2|4|0	1.00	1.00	1.00	1.00	1.00	12.52	6.33	0.00
E-A549-Nt	NP_001135766.1	SPART	24	24	24.00	1	22|20|0	0.00	0.00	0.00	0.00	0.00	-39.69	1.14	0.47
E-A549-Nt	NP_001135906.1	OGA	2	2	2.00	1	8|5|0	0.00	0.00	0.00	0.00	0.00	-22.03	0.31	0.54
E-A549-Nt	NP_001135915.1	EDC3	19	19	19.00	1	38|48|0	0.00	0.00	0.00	0.00	0.00	-132.22	0.44	0.54
E-A549-Nt	NP_001136120.1	SAR1A	13	13	13.00	1	0|0|0	1.00	1.00	1.00	1.00	1.00	21.39	130.00	0.00
E-A549-Nt	NP_001136408.1	DAGLB	2	2	2.00	1	0|0|0	0.97	0.97	0.97	0.97	0.97	3.61	20.00	0.00
E-A549-Nt	NP_001137484.1	TMX2	10	10	10.00	1	0|0|0	1.00	1.00	1.00	1.00	1.00	16.81	100.00	0.00
E-A549-Nt	NP_001137533.1	COPB1	21	21	21.00	1	21|18|0	0.00	0.00	0.00	0.00	0.00	-38.70	1.08	0.47
E-A549-Nt	NP_001137545.1	CHORDC1	4	4	4.00	1	11|12|0	0.00	0.00	0.00	0.00	0.00	-37.85	0.35	0.54
E-A549-Nt	NP_001138238.1	DNAJC7	5	5	5.00	1	2|0|0	0.86	0.86	0.86	0.86	0.86	1.83	5.00	0.01
E-A549-Nt	NP_001138356.1	SLC30A7	6	6	6.00	1	0|0|0	1.00	1.00	1.00	1.00	1.00	10.50	60.00	0.00
E-A549-Nt	NP_001138508.1	COG2	4	4	4.00	1	0|0|0	1.00	1.00	1.00	1.00	1.00	7.19	40.00	0.00
E-A549-Nt	NP_001138624.1	VPS37A	16	16	16.00	1	19|24|0	0.00	0.00	0.00	0.00	0.00	-53.65	0.74	0.50
E-A549-Nt	NP_001139138.1	GLG1	11	11	11.00	1	0|0|0	1.00	1.00	1.00	1.00	1.00	18.33	110.00	0.00
E-A549-Nt	NP_001139325.1	WFS1	6	6	6.00	1	0|0|0	1.00	1.00	1.00	1.00	1.00	10.52	60.00	0.00
E-A549-Nt	NP_001139685.2	TBC1D15	5	5	5.00	1	14|16|0	0.00	0.00	0.00	0.00	0.00	-49.88	0.33	0.54
E-A549-Nt	NP_001153101.1	SLC27A2	3	3	3.00	1	0|0|0	1.00	1.00	1.00	1.00	1.00	5.45	30.00	0.00
E-A549-Nt	NP_001157289.1	DHCR7	15	15	15.00	1	0|0|0	1.00	1.00	1.00	1.00	1.00	24.38	150.00	0.00
E-A549-Nt	NP_001157661.1	PLIN3	6	6	6.00	1	30|44|0	0.00	0.00	0.00	0.00	0.00	-140.31	0.16	0.54
E-A549-Nt	NP_001157852.1	STAU2	7	7	7.00	1	22|29|0	0.00	0.00	0.00	0.00	0.00	-88.67	0.27	0.54
E-A549-Nt	NP_001158.2	XIAP	4	4	4.00	1	16|23|0	0.00	0.00	0.00	0.00	0.00	-71.46	0.21	0.54
E-A549-Nt	NP_001158087.1	FZD6	6	6	6.00	1	0|0|0	1.00	1.00	1.00	1.00	1.00	10.50	60.00	0.00
E-A549-Nt	NP_001159399.1	MKS1	15	15	15.00	1	0|3|0	0.99	0.99	0.99	0.99	0.99	5.00	10.00	0.00
E-A549-Nt	NP_001159575.1	SPINT2	6	6	6.00	1	0|0|0	1.00	1.00	1.00	1.00	1.00	10.66	60.00	0.00
E-A549-Nt	NP_001159583.1	PNPLA6	9	9	9.00	1	0|0|0	1.00	1.00	1.00	1.00	1.00	15.27	90.00	0.00
E-A549-Nt	NP_001160163.1	TTK	5	5	5.00	1	18|21|0	0.00	0.00	0.00	0.00	0.00	-68.72	0.26	0.54
E-A549-Nt	NP_001162023.1	NDC1	75	75	75.00	1	0|3|0	1.00	1.00	1.00	1.00	1.00	24.25	50.00	0.00
E-A549-Nt	NP_001165882.1	VANGL1	5	5	5.00	1	0|0|0	1.00	1.00	1.00	1.00	1.00	8.86	50.00	0.00
E-A549-Nt	NP_001166094.1	NEO1	30	30	30.00	1	9|8|0	1.00	1.00	1.00	1.00	1.00	9.70	3.53	0.00
E-A549-Nt	NP_001167568.1	LDHB	14	14	14.00	1	5|6|0	0.41	0.41	0.42	0.42	0.42	-0.33	2.55	0.03
E-A549-Nt	NP_001167630.1	SH2D4A	12	12	12.00	1	16|15|0	0.00	0.00	0.00	0.00	0.00	-37.99	0.77	0.47
E-A549-Nt	NP_001171559.1	SYNJ2	16	16	16.00	1	52|45|0	0.00	0.00	0.00	0.00	0.00	-161.86	0.33	0.54
E-A549-Nt	NP_001171712.1	VDAC2	4	4	4.00	1	0|0|0	1.00	1.00	1.00	1.00	1.00	7.29	40.00	0.00
E-A549-Nt	NP_001174.2	ATP6AP1	12	12	12.00	1	0|0|0	1.00	1.00	1.00	1.00	1.00	19.87	120.00	0.00
E-A549-Nt	NP_001177921.1	SLC33A1	12	12	12.00	1	0|0|0	1.00	1.00	1.00	1.00	1.00	19.87	120.00	0.00
E-A549-Nt	NP_001177966.1	PSMD1	32	32	32.00	1	11|13|0	0.81	0.81	0.82	0.82	0.82	1.52	2.67	0.01
E-A549-Nt	NP_001180499.1	CSRP1	3	3	3.00	1	3|4|0	0.00	0.00	0.00	0.00	0.00	-8.50	0.86	0.24
E-A549-Nt	NP_001182027.1	ANKRD28	3	3	3.00	1	28|22|0	0.00	0.00	0.00	0.00	0.00	-98.35	0.12	0.54
E-A549-Nt	NP_001182068.1	COG4	3	3	3.00	1	4|0|0	0.07	0.07	0.07	0.07	0.07	-2.54	1.50	0.11
E-A549-Nt	NP_001182085.1	TMEM35B	3	3	3.00	1	0|0|0	1.00	1.00	1.00	1.00	1.00	5.44	30.00	0.00
E-A549-Nt	NP_001182156.1	TRPM4	22	22	22.00	1	0|0|0	1.00	1.00	1.00	1.00	1.00	34.73	220.00	0.00
E-A549-Nt	NP_001184044.1	GCLC	7	7	7.00	1	6|8|0	0.00	0.00	0.00	0.00	0.00	-15.02	1.00	0.35
E-A549-Nt	NP_001185771.1	CCT2	4	4	4.00	1	26|27|0	0.00	0.00	0.00	0.00	0.00	-101.57	0.15	0.54
E-A549-Nt	NP_001186127.1	TBC1D23	4	4	4.00	1	7|6|0	0.00	0.00	0.00	0.00	0.00	-17.93	0.62	0.54
E-A549-Nt	NP_001186189.1	TOR1AIP2	16	16	16.00	1	0|0|0	1.00	1.00	1.00	1.00	1.00	25.86	160.00	0.00
E-A549-Nt	NP_001186307.1	GBF1	55	55	55.00	1	3|0|0	1.00	1.00	1.00	1.00	1.00	18.12	36.67	0.00
E-A549-Nt	NP_001186508.1	SUN2	4	4	4.00	1	0|0|0	1.00	1.00	1.00	1.00	1.00	7.20	40.00	0.00
E-A549-Nt	NP_001186621.1	SLC4A2	18	18	18.00	1	0|0|0	1.00	1.00	1.00	1.00	1.00	28.84	180.00	0.00
E-A549-Nt	NP_001186704.1	CPD	5	5	5.00	1	0|0|0	1.00	1.00	1.00	1.00	1.00	8.88	50.00	0.00
E-A549-Nt	NP_001188401.1	CORO7	5	5	5.00	1	29|25|0	0.00	0.00	0.00	0.00	0.00	-100.66	0.19	0.54
E-A549-Nt	NP_001192183.1	OCLN	6	6	6.00	1	0|0|0	1.00	1.00	1.00	1.00	1.00	10.50	60.00	0.00
E-A549-Nt	NP_001193420.1	MAVS	9	9	9.00	1	19|22|0	0.00	0.00	0.00	0.00	0.00	-63.19	0.44	0.54
E-A549-Nt	NP_001193469.1	CAPZB	7	7	7.00	1	7|13|0	0.00	0.00	0.00	0.00	0.00	-25.68	0.70	0.42
E-A549-Nt	NP_001193976.1	ATRN	4	4	4.00	1	0|0|0	1.00	1.00	1.00	1.00	1.00	7.18	40.00	0.00
E-A549-Nt	NP_001209.1	CA12	15	15	15.00	1	0|0|0	1.00	1.00	1.00	1.00	1.00	24.38	150.00	0.00
E-A549-Nt	NP_001229326.1	TWF1	4	4	4.00	1	6|9|0	0.00	0.00	0.00	0.00	0.00	-21.79	0.53	0.54
E-A549-Nt	NP_001229761.1	ARFGAP2	32	32	32.00	1	12|12|0	0.81	0.81	0.81	0.81	0.81	1.46	2.67	0.01
E-A549-Nt	NP_001231867.1	TXN	23	23	23.00	1	17|24|0	0.00	0.00	0.00	0.00	0.00	-39.38	1.12	0.47
E-A549-Nt	NP_001238831.1	TNK1	11	11	11.00	1	6|8|0	0.00	0.00	0.00	0.00	0.00	-9.33	1.57	0.27
E-A549-Nt	NP_001243350.1	GPAT3	35	35	35.00	1	0|0|0	1.00	1.00	1.00	1.00	1.00	53.64	350.00	0.00
E-A549-Nt	NP_001243728.1	GAPDH	8	8	8.00	1	3|6|0	0.01	0.01	0.01	0.01	0.01	-4.87	1.78	0.16
E-A549-Nt	NP_001244315.1	ABCG2	8	8	8.00	1	0|0|0	1.00	1.00	1.00	1.00	1.00	13.69	80.00	0.00
E-A549-Nt	NP_001248755.1	AP3D1	12	12	12.00	1	23|21|0	0.00	0.00	0.00	0.00	0.00	-62.91	0.55	0.54
E-A549-Nt	NP_001253988.1	SNX17	2	2	2.00	1	3|0|0	0.09	0.09	0.09	0.09	0.09	-2.35	1.33	0.09
E-A549-Nt	NP_001254507.1	TOR1AIP1	43	43	43.00	1	0|0|0	1.00	1.00	1.00	1.00	1.00	65.18	430.00	0.00
E-A549-Nt	NP_001254523.1	SENP1	5	5	5.00	1	0|0|0	1.00	1.00	1.00	1.00	1.00	8.87	50.00	0.00
E-A549-Nt	NP_001257306.1	ANKRD46	7	7	7.00	1	0|0|0	1.00	1.00	1.00	1.00	1.00	12.10	70.00	0.00
E-A549-Nt	NP_001257624.1	ARHGAP12	5	5	5.00	1	12|12|0	0.00	0.00	0.00	0.00	0.00	-37.62	0.42	0.54
E-A549-Nt	NP_001258522.1	PPME1	2	2	2.00	1	6|14|0	0.00	0.00	0.00	0.00	0.00	-36.19	0.20	0.54
E-A549-Nt	NP_001258538.1	STX10	2	2	2.00	1	0|0|0	0.97	0.97	0.97	0.97	0.97	3.59	20.00	0.00
E-A549-Nt	NP_001258664.1	COPZ1	4	4	4.00	1	0|3|0	0.49	0.49	0.50	0.50	0.50	-0.02	2.67	0.03
E-A549-Nt	NP_001258804.1	CUEDC1	4	4	4.00	1	0|0|0	1.00	1.00	1.00	1.00	1.00	7.19	40.00	0.00
E-A549-Nt	NP_001258941.1	ITPRIP	9	9	9.00	1	0|0|0	1.00	1.00	1.00	1.00	1.00	15.24	90.00	0.00
E-A549-Nt	NP_001272.2	TBCB	3	3	3.00	1	8|11|0	0.00	0.00	0.00	0.00	0.00	-32.01	0.32	0.54
E-A549-Nt	NP_001285.1	CLPTM1	11	11	11.00	1	0|0|0	1.00	1.00	1.00	1.00	1.00	18.33	110.00	0.00
E-A549-Nt	NP_001302.1	CRIP1	3	3	3.00	1	0|2|0	0.57	0.57	0.57	0.57	0.57	0.29	3.00	0.02
E-A549-Nt	NP_001408.2	EIF4B	38	38	38.00	1	60|61|0	0.00	0.00	0.00	0.00	0.00	-162.96	0.63	0.54
E-A549-Nt	NP_001542.1	IGBP1	29	29	29.00	1	29|39|0	0.00	0.00	0.00	0.00	0.00	-78.43	0.85	0.51
E-A549-Nt	NP_001736.1	CAMLG	22	22	22.00	1	0|2|0	1.00	1.00	1.00	1.00	1.00	12.23	22.00	0.00
E-A549-Nt	NP_001894.2	CTNNA1	3	3	3.00	1	20|10|0	0.00	0.00	0.00	0.00	0.00	-54.64	0.20	0.54
E-A549-Nt	NP_001896.2	CTPS1	3	3	3.00	1	13|15|0	0.00	0.00	0.00	0.00	0.00	-50.88	0.21	0.54
E-A549-Nt	NP_001934.2	DSG2	22	22	22.00	1	22|18|0	0.00	0.00	0.00	0.00	0.00	-39.09	1.10	0.47
E-A549-Nt	NP_001960.2	EIF5	11	11	11.00	1	16|18|0	0.00	0.00	0.00	0.00	0.00	-45.37	0.65	0.54
E-A549-Nt	NP_002124.1	HMOX1	6	6	6.00	1	0|0|0	1.00	1.00	1.00	1.00	1.00	10.52	60.00	0.00
E-A549-Nt	NP_002131.2	HNRNPK	11	11	11.00	1	44|49|0	0.00	0.00	0.00	0.00	0.00	-166.58	0.24	0.54
E-A549-Nt	NP_002147.2	HSPD1	3	3	3.00	1	3|5|0	0.00	0.00	0.00	0.00	0.00	-10.17	0.75	0.28
E-A549-Nt	NP_002204.2	ITGB5	22	22	22.00	1	0|0|0	1.00	1.00	1.00	1.00	1.00	34.75	220.00	0.00
E-A549-Nt	NP_002215.2	ITPR3	49	49	49.00	1	0|0|0	1.00	1.00	1.00	1.00	1.00	73.79	490.00	0.00
E-A549-Nt	NP_002221.1	JUP	5	5	5.00	1	17|16|0	0.00	0.00	0.00	0.00	0.00	-56.09	0.30	0.54
E-A549-Nt	NP_002241.1	KCNN4	17	17	17.00	1	0|0|0	1.00	1.00	1.00	1.00	1.00	27.36	170.00	0.00
E-A549-Nt	NP_002287.2	LBR	127	127	127.00	1	17|25|0	1.00	1.00	1.00	1.00	1.00	57.62	6.05	0.00
E-A549-Nt	NP_002326.2	LRP5	6	6	6.00	1	0|0|0	1.00	1.00	1.00	1.00	1.00	10.50	60.00	0.00
E-A549-Nt	NP_002327.2	LRP6	20	20	20.00	1	0|0|0	1.00	1.00	1.00	1.00	1.00	31.82	200.00	0.00
E-A549-Nt	NP_002560.1	FURIN	6	6	6.00	1	0|0|0	1.00	1.00	1.00	1.00	1.00	10.51	60.00	0.00
E-A549-Nt	NP_002609.1	PEX13	11	11	11.00	1	0|0|0	1.00	1.00	1.00	1.00	1.00	18.33	110.00	0.00
E-A549-Nt	NP_002622.2	PGD	11	11	11.00	1	9|14|0	0.00	0.00	0.00	0.00	0.00	-25.13	0.96	0.42
E-A549-Nt	NP_002636.2	PIK3C2A	14	14	14.00	1	34|30|0	0.00	0.00	0.00	0.00	0.00	-98.69	0.44	0.54
E-A549-Nt	NP_002795.2	PSMC3	25	25	25.00	1	18|23|0	0.00	0.00	0.00	0.00	0.00	-36.52	1.22	0.46
E-A549-Nt	NP_002801.1	PSMD4	4	4	4.00	1	0|0|0	1.00	1.00	1.00	1.00	1.00	7.21	40.00	0.00
E-A549-Nt	NP_002818.1	PTPN1	27	27	27.00	1	0|3|0	1.00	1.00	1.00	1.00	1.00	9.22	18.00	0.00
E-A549-Nt	NP_002902.2	UPF1	4	4	4.00	1	58|81|0	0.00	0.00	0.00	0.00	0.00	-290.20	0.06	0.54
E-A549-Nt	NP_002943.2	RPS2	8	8	8.00	1	8|13|0	0.00	0.00	0.00	0.00	0.00	-26.04	0.76	0.43
E-A549-Nt	NP_002952.1	S100A4	2	2	2.00	1	0|0|0	0.97	0.97	0.97	0.97	0.97	3.60	20.00	0.00
E-A549-Nt	NP_003012.1	SGTA	6	6	6.00	1	0|0|0	1.00	1.00	1.00	1.00	1.00	10.52	60.00	0.00
E-A549-Nt	NP_003038.2	SLC9A1	4	4	4.00	1	0|0|0	1.00	1.00	1.00	1.00	1.00	7.19	40.00	0.00
E-A549-Nt	NP_003071.2	SMPD2	4	4	4.00	1	0|0|0	1.00	1.00	1.00	1.00	1.00	7.19	40.00	0.00
E-A549-Nt	NP_003120.2	SQLE	5	5	5.00	1	0|0|0	1.00	1.00	1.00	1.00	1.00	8.87	50.00	0.00
E-A549-Nt	NP_003141.2	STAT3	46	46	46.00	1	65|63|0	0.00	0.00	0.00	0.00	0.00	-161.79	0.72	0.53
E-A549-Nt	NP_003147.2	STIM1	181	181	181.00	1	37|43|0	1.00	1.00	1.00	1.00	1.00	90.69	4.53	0.00
E-A549-Nt	NP_003174.3	ADAM17	22	22	22.00	1	0|0|0	1.00	1.00	1.00	1.00	1.00	34.76	220.00	0.00
E-A549-Nt	NP_003305.1	TTC1	7	7	7.00	1	6|6|0	0.00	0.00	0.00	0.00	0.00	-11.45	1.17	0.30
E-A549-Nt	NP_003461.2	USP7	17	17	17.00	1	42|49|0	0.00	0.00	0.00	0.00	0.00	-146.95	0.37	0.54
E-A549-Nt	NP_003565.4	VAPA	39	39	39.00	1	0|0|0	1.00	1.00	1.00	1.00	1.00	59.64	390.00	0.00
E-A549-Nt	NP_003585.3	TTF2	3	3	3.00	1	17|13|0	0.00	0.00	0.00	0.00	0.00	-55.15	0.20	0.54
E-A549-Nt	NP_003638.1	DGKE	12	12	12.00	1	0|0|0	1.00	1.00	1.00	1.00	1.00	19.85	120.00	0.00
E-A549-Nt	NP_003648.2	BCAS1	21	21	21.00	1	0|3|0	1.00	1.00	1.00	1.00	1.00	7.14	14.00	0.00
E-A549-Nt	NP_003657.1	BLZF1	4	4	4.00	1	0|0|0	1.00	1.00	1.00	1.00	1.00	7.19	40.00	0.00
E-A549-Nt	NP_003706.1	USO1	35	35	35.00	1	10|9|0	1.00	1.00	1.00	1.00	1.00	12.65	3.68	0.00
E-A549-Nt	NP_003745.1	EIF3F	6	6	6.00	1	10|20|0	0.00	0.00	0.00	0.00	0.00	-47.06	0.40	0.54
E-A549-Nt	NP_003747.1	EIF3H	12	12	12.00	1	6|13|0	0.00	0.00	0.00	0.00	0.00	-16.31	1.26	0.36
E-A549-Nt	NP_003892.2	SGPL1	13	13	13.00	1	0|0|0	1.00	1.00	1.00	1.00	1.00	21.36	130.00	0.00
E-A549-Nt	NP_003934.1	STBD1	36	36	36.00	1	0|0|0	1.00	1.00	1.00	1.00	1.00	55.09	360.00	0.00
E-A549-Nt	NP_003970.1	GPRC5A	4	4	4.00	1	0|0|0	1.00	1.00	1.00	1.00	1.00	7.19	40.00	0.00
E-A549-Nt	NP_004095.4	FASN	38	38	38.00	1	83|71|0	0.00	0.00	0.00	0.00	0.00	-227.99	0.49	0.54
E-A549-Nt	NP_004154.2	RAB27B	3	3	3.00	1	0|0|0	1.00	1.00	1.00	1.00	1.00	5.45	30.00	0.00
E-A549-Nt	NP_004229.1	TRIP12	4	4	4.00	1	29|25|0	0.00	0.00	0.00	0.00	0.00	-103.78	0.15	0.54
E-A549-Nt	NP_004230.2	TRIP11	254	254	254.00	1	0|0|0	1.00	1.00	1.00	1.00	1.00	363.75	2540.00	0.00
E-A549-Nt	NP_004256.1	FADS2	33	33	33.00	1	0|0|0	1.00	1.00	1.00	1.00	1.00	50.75	330.00	0.00
E-A549-Nt	NP_004289.1	NUP155	25	25	25.00	1	3|2|0	1.00	1.00	1.00	1.00	1.00	21.71	10.00	0.00
E-A549-Nt	NP_004299.1	ARHGAP1	35	35	35.00	1	5|6|0	1.00	1.00	1.00	1.00	1.00	23.17	6.36	0.00
E-A549-Nt	NP_004466.2	FLOT2	6	6	6.00	1	6|7|0	0.00	0.00	0.00	0.00	0.00	-14.68	0.92	0.35
E-A549-Nt	NP_004477.3	GOLGA2	65	65	65.00	1	15|4|0	1.00	1.00	1.00	1.00	1.00	6.82	6.84	0.00
E-A549-Nt	NP_004482.4	ARHGAP35	8	8	8.00	1	37|38|0	0.00	0.00	0.00	0.00	0.00	-136.85	0.21	0.54
E-A549-Nt	NP_004514.2	KIF11	4	4	4.00	1	19|21|0	0.00	0.00	0.00	0.00	0.00	-73.61	0.20	0.54
E-A549-Nt	NP_004528.1	NAP1L1	8	8	8.00	1	11|13|0	0.00	0.00	0.00	0.00	0.00	-31.68	0.67	0.54
E-A549-Nt	NP_004590.2	SREBF2	37	37	37.00	1	0|0|0	1.00	1.00	1.00	1.00	1.00	56.56	370.00	0.00
E-A549-Nt	NP_004628.4	RAB7A	8	8	8.00	1	0|0|0	1.00	1.00	1.00	1.00	1.00	13.84	80.00	0.00
E-A549-Nt	NP_004676.3	MTMR6	5	5	5.00	1	3|4|0	0.00	0.00	0.00	0.00	0.00	-5.60	1.43	0.18
E-A549-Nt	NP_004699.1	PDCD5	6	6	6.00	1	10|13|0	0.00	0.00	0.00	0.00	0.00	-33.53	0.52	0.54
E-A549-Nt	NP_004703.1	HGS	2	2	2.00	1	3|0|0	0.09	0.09	0.09	0.09	0.09	-2.30	1.33	0.09
E-A549-Nt	NP_004744.2	DHRS3	19	19	19.00	1	0|0|0	1.00	1.00	1.00	1.00	1.00	30.32	190.00	0.00
E-A549-Nt	NP_004773.1	SNAP29	23	23	23.00	1	10|13|0	0.00	0.00	0.00	0.00	0.00	-8.40	2.00	0.24
E-A549-Nt	NP_004777.1	TXNL1	51	51	51.00	1	0|4|0	1.00	1.00	1.00	1.00	1.00	12.29	25.50	0.00
E-A549-Nt	NP_004827.4	EIF2AK3	14	14	14.00	1	0|0|0	1.00	1.00	1.00	1.00	1.00	22.88	140.00	0.00
E-A549-Nt	NP_004863.2	TMEM59	8	8	8.00	1	0|0|0	1.00	1.00	1.00	1.00	1.00	13.69	80.00	0.00
E-A549-Nt	NP_004883.3	SEC22B	45	45	45.00	1	4|9|0	1.00	1.00	1.00	1.00	1.00	16.26	6.92	0.00
E-A549-Nt	NP_004896.1	PRDX6	5	5	5.00	1	4|8|0	0.00	0.00	0.00	0.00	0.00	-14.34	0.83	0.34
E-A549-Nt	NP_004913.2	SEC24C	6	6	6.00	1	0|0|0	1.00	1.00	1.00	1.00	1.00	10.55	60.00	0.00
E-A549-Nt	NP_004987.2	ABCC1	51	51	51.00	1	0|0|0	1.00	1.00	1.00	1.00	1.00	76.67	510.00	0.00
E-A549-Nt	NP_004990.3	MYO6	34	34	34.00	1	53|43|0	0.00	0.00	0.00	0.00	0.00	-122.41	0.71	0.53
E-A549-Nt	NP_005041.1	ABCD4	2	2	2.00	1	0|0|0	0.97	0.97	0.97	0.97	0.97	3.60	20.00	0.00
E-A549-Nt	NP_005054.3	SCD	21	21	21.00	1	0|0|0	1.00	1.00	1.00	1.00	1.00	33.29	210.00	0.00
E-A549-Nt	NP_005073.2	TRIM25	12	12	12.00	1	29|28|0	0.00	0.00	0.00	0.00	0.00	-88.96	0.42	0.54
E-A549-Nt	NP_005076.3	NUP214	28	28	28.00	1	75|61|0	0.00	0.00	0.00	0.00	0.00	-213.53	0.41	0.54
E-A549-Nt	NP_005091.2	AKAP12	5	5	5.00	1	16|8|0	0.00	0.00	0.00	0.00	0.00	-37.23	0.42	0.54
E-A549-Nt	NP_005104.2	GOLGA5	93	93	93.00	1	11|20|0	1.00	1.00	1.00	1.00	1.00	20.41	6.00	0.00
E-A549-Nt	NP_005106.2	MVP	7	7	7.00	1	35|32|0	0.00	0.00	0.00	0.00	0.00	-122.63	0.21	0.54
E-A549-Nt	NP_005115.2	NUP153	59	59	59.00	1	64|53|0	0.00	0.00	0.00	0.00	0.00	-121.12	1.01	0.53
E-A549-Nt	NP_005217.2	S1PR3	3	3	3.00	1	0|0|0	1.00	1.00	1.00	1.00	1.00	5.44	30.00	0.00
E-A549-Nt	NP_005493.2	ABCA1	9	9	9.00	1	0|0|0	1.00	1.00	1.00	1.00	1.00	15.25	90.00	0.00
E-A549-Nt	NP_005561.1	LMAN1	12	12	12.00	1	0|0|0	1.00	1.00	1.00	1.00	1.00	19.92	120.00	0.00
E-A549-Nt	NP_005605.1	RHEB	15	15	15.00	1	11|19|0	0.00	0.00	0.00	0.00	0.00	-31.33	1.00	0.45
E-A549-Nt	NP_005623.1	CAPN15	4	4	4.00	1	6|7|0	0.00	0.00	0.00	0.00	0.00	-17.92	0.62	0.54
E-A549-Nt	NP_005660.4	REEP5	13	13	13.00	1	0|0|0	1.00	1.00	1.00	1.00	1.00	21.39	130.00	0.00
E-A549-Nt	NP_005662.1	UBXN8	18	18	18.00	1	0|0|0	1.00	1.00	1.00	1.00	1.00	28.87	180.00	0.00
E-A549-Nt	NP_005681.2	DNM1L	5	5	5.00	1	40|46|0	0.00	0.00	0.00	0.00	0.00	-170.12	0.12	0.54
E-A549-Nt	NP_005683.2	ABCF2	12	12	12.00	1	21|25|0	0.00	0.00	0.00	0.00	0.00	-66.87	0.52	0.54
E-A549-Nt	NP_005688.2	SCAMP2	4	4	4.00	1	0|0|0	1.00	1.00	1.00	1.00	1.00	7.20	40.00	0.00
E-A549-Nt	NP_005821.2	MRPS31	3	3	3.00	1	0|0|0	1.00	1.00	1.00	1.00	1.00	5.45	30.00	0.00
E-A549-Nt	NP_005859.1	BET1	9	9	9.00	1	0|0|0	1.00	1.00	1.00	1.00	1.00	15.27	90.00	0.00
E-A549-Nt	NP_005883.2	FMNL1	4	4	4.00	1	2|2|0	0.14	0.14	0.14	0.14	0.14	-1.79	2.00	0.08
E-A549-Nt	NP_005902.1	MAT2A	3	3	3.00	1	4|7|0	0.00	0.00	0.00	0.00	0.00	-15.91	0.55	0.54
E-A549-Nt	NP_005959.2	HNRNPM	5	5	5.00	1	56|53|0	0.00	0.00	0.00	0.00	0.00	-220.51	0.09	0.54
E-A549-Nt	NP_005960.1	NAP1L4	4	4	4.00	1	8|12|0	0.00	0.00	0.00	0.00	0.00	-31.73	0.40	0.54
E-A549-Nt	NP_006089.1	RACK1	12	12	12.00	1	0|6|6	0.01	0.01	0.01	0.01	0.01	-4.53	2.00	0.15
E-A549-Nt	NP_006136.1	DNAJB1	2	2	2.00	1	2|0|0	0.30	0.30	0.31	0.31	0.31	-0.81	2.00	0.04
E-A549-Nt	NP_006160.1	NNMT	2	2	2.00	1	0|3|0	0.09	0.09	0.09	0.09	0.09	-2.36	1.33	0.09
E-A549-Nt	NP_006175.2	NUCB1	8	8	8.00	1	0|0|0	1.00	1.00	1.00	1.00	1.00	13.69	80.00	0.00
E-A549-Nt	NP_006311.2	PGRMC2	9	9	9.00	1	0|0|0	1.00	1.00	1.00	1.00	1.00	15.26	90.00	0.00
E-A549-Nt	NP_006316.1	RAN	17	17	17.00	1	8|6|14	0.00	0.00	0.00	0.00	0.00	-14.90	1.55	0.35
E-A549-Nt	NP_006351.2	EIF3M	2	2	2.00	1	5|9|0	0.00	0.00	0.00	0.00	0.00	-24.10	0.29	0.54
E-A549-Nt	NP_006382.1	IPO7	12	12	12.00	1	18|16|0	0.00	0.00	0.00	0.00	0.00	-43.61	0.71	0.48
E-A549-Nt	NP_006398.1	ARL6IP5	16	16	16.00	1	0|0|0	1.00	1.00	1.00	1.00	1.00	25.89	160.00	0.00
E-A549-Nt	NP_006412.2	ARFGEF1	5	5	5.00	1	0|0|0	1.00	1.00	1.00	1.00	1.00	8.88	50.00	0.00
E-A549-Nt	NP_006546.1	YKT6	26	26	26.00	1	0|3|0	1.00	1.00	1.00	1.00	1.00	8.87	17.33	0.00
E-A549-Nt	NP_006576.2	CCT8	85	85	85.00	1	182|225|0	0.00	0.00	0.00	0.00	0.00	-635.79	0.42	0.54
E-A549-Nt	NP_006589.2	SLC12A7	4	4	4.00	1	0|0|0	1.00	1.00	1.00	1.00	1.00	7.18	40.00	0.00
E-A549-Nt	NP_006591.1	NUDC	17	17	17.00	1	23|25|0	0.00	0.00	0.00	0.00	0.00	-61.29	0.71	0.50
E-A549-Nt	NP_006810.1	STIP1	11	11	11.00	1	11|18|0	0.00	0.00	0.00	0.00	0.00	-35.77	0.76	0.46
E-A549-Nt	NP_006816.2	CKAP4	49	49	49.00	1	0|0|0	1.00	1.00	1.00	1.00	1.00	73.79	490.00	0.00
E-A549-Nt	NP_006827.1	GCN1	2	2	2.00	1	16|11|0	0.00	0.00	0.00	0.00	0.00	-51.66	0.15	0.54
E-A549-Nt	NP_008928.1	TACC2	43	43	43.00	1	52|78|0	0.00	0.00	0.00	0.00	0.00	-170.28	0.66	0.54
E-A549-Nt	NP_008942.3	ABHD2	12	12	12.00	1	0|0|0	1.00	1.00	1.00	1.00	1.00	19.85	120.00	0.00
E-A549-Nt	NP_008964.3	RER1	14	14	14.00	1	0|0|0	1.00	1.00	1.00	1.00	1.00	22.89	140.00	0.00
E-A549-Nt	NP_008965.2	DNAJB4	6	6	6.00	1	0|0|0	1.00	1.00	1.00	1.00	1.00	10.51	60.00	0.00
E-A549-Nt	NP_009045.2	TMF1	63	63	63.00	1	24|23|0	0.97	0.97	0.97	0.97	0.97	3.63	2.68	0.00
E-A549-Nt	NP_009103.2	NUP50	3	3	3.00	1	18|17|0	0.00	0.00	0.00	0.00	0.00	-65.86	0.17	0.54
E-A549-Nt	NP_009109.3	STRAP	3	3	3.00	1	9|13|0	0.00	0.00	0.00	0.00	0.00	-38.23	0.27	0.54
E-A549-Nt	NP_009121.1	SEC23IP	99	99	99.00	1	17|17|0	1.00	1.00	1.00	1.00	1.00	61.55	5.82	0.00
E-A549-Nt	NP_009145.1	SEC63	7	7	7.00	1	0|0|0	1.00	1.00	1.00	1.00	1.00	12.11	70.00	0.00
E-A549-Nt	NP_009167.1	CHP1	13	13	13.00	1	0|0|0	1.00	1.00	1.00	1.00	1.00	21.36	130.00	0.00
E-A549-Nt	NP_009172.2	SNF8	10	10	10.00	1	8|15|0	0.00	0.00	0.00	0.00	0.00	-26.30	0.87	0.43
E-A549-Nt	NP_009186.1	B4GALT7	5	5	5.00	1	0|0|0	1.00	1.00	1.00	1.00	1.00	8.87	50.00	0.00
E-A549-Nt	NP_009191.1	LYPLA2	29	29	29.00	1	31|48|0	0.00	0.00	0.00	0.00	0.00	-98.41	0.73	0.52
E-A549-Nt	NP_009215.1	TWF2	9	9	9.00	1	11|19|0	0.00	0.00	0.00	0.00	0.00	-41.11	0.60	0.54
E-A549-Nt	NP_031368.1	NUP42	18	18	18.00	1	3|6|0	1.00	1.00	1.00	1.00	1.00	7.39	4.00	0.00
E-A549-Nt	NP_031374.2	ATF6	2	2	2.00	1	0|0|0	0.97	0.97	0.97	0.97	0.97	3.60	20.00	0.00
E-A549-Nt	NP_036205.1	CCT5	10	10	10.00	1	21|25|0	0.00	0.00	0.00	0.00	0.00	-71.10	0.43	0.54
E-A549-Nt	NP_036243.1	AHSA1	4	4	4.00	1	11|14|0	0.00	0.00	0.00	0.00	0.00	-41.93	0.32	0.54
E-A549-Nt	NP_036252.1	CD2AP	21	21	21.00	1	67|71|0	0.00	0.00	0.00	0.00	0.00	-234.76	0.30	0.54
E-A549-Nt	NP_036265.3	COPG2	5	5	5.00	1	0|3|0	0.68	0.68	0.68	0.68	0.68	0.77	3.33	0.02
E-A549-Nt	NP_036313.3	FKBP8	9	9	9.00	1	0|0|0	1.00	1.00	1.00	1.00	1.00	15.28	90.00	0.00
E-A549-Nt	NP_036367.2	SCAP	13	13	13.00	1	0|0|0	1.00	1.00	1.00	1.00	1.00	21.36	130.00	0.00
E-A549-Nt	NP_036397.1	RHBDD3	22	22	22.00	1	0|0|0	1.00	1.00	1.00	1.00	1.00	34.75	220.00	0.00
E-A549-Nt	NP_036533.2	PLXNB2	2	2	2.00	1	0|0|0	0.97	0.97	0.97	0.97	0.97	3.60	20.00	0.00
E-A549-Nt	NP_036558.3	SF3B3	7	7	7.00	1	24|23|0	0.00	0.00	0.00	0.00	0.00	-80.24	0.30	0.54
E-A549-Nt	NP_036565.2	SF3B1	7	7	7.00	1	129|130|0	0.00	0.00	0.00	0.00	0.00	-544.46	0.05	0.54
E-A549-Nt	NP_036585.1	TBL2	5	5	5.00	1	0|0|0	1.00	1.00	1.00	1.00	1.00	8.87	50.00	0.00
E-A549-Nt	NP_036614.1	ZNF281	10	10	10.00	1	54|51|0	0.00	0.00	0.00	0.00	0.00	-195.24	0.19	0.54
E-A549-Nt	NP_037520.1	PREB	9	9	9.00	1	0|0|0	1.00	1.00	1.00	1.00	1.00	15.25	90.00	0.00
E-A549-Nt	NP_037534.3	FADS1	20	20	20.00	1	0|0|0	1.00	1.00	1.00	1.00	1.00	31.79	200.00	0.00
E-A549-Nt	NP_054772.1	FLVCR1	4	4	4.00	1	0|0|0	1.00	1.00	1.00	1.00	1.00	7.20	40.00	0.00
E-A549-Nt	NP_054861.2	NUDT5	3	3	3.00	1	7|9|0	0.00	0.00	0.00	0.00	0.00	-25.84	0.38	0.54
E-A549-Nt	NP_054901.1	ORMDL2	5	5	5.00	1	0|0|0	1.00	1.00	1.00	1.00	1.00	8.86	50.00	0.00
E-A549-Nt	NP_055050.1	UBL4A	11	11	11.00	1	0|0|0	1.00	1.00	1.00	1.00	1.00	18.52	110.00	0.00
E-A549-Nt	NP_055140.1	CORO1C	13	13	13.00	1	21|17|0	0.00	0.00	0.00	0.00	0.00	-49.39	0.68	0.49
E-A549-Nt	NP_055146.1	SLC7A11	5	5	5.00	1	0|0|0	1.00	1.00	1.00	1.00	1.00	8.86	50.00	0.00
E-A549-Nt	NP_055241.1	SNX5	3	3	3.00	1	13|21|0	0.00	0.00	0.00	0.00	0.00	-63.47	0.18	0.54
E-A549-Nt	NP_055336.1	SH3BP4	12	12	12.00	1	25|31|0	0.00	0.00	0.00	0.00	0.00	-86.93	0.43	0.54
E-A549-Nt	NP_055416.2	EHD2	6	6	6.00	1	7|8|0	0.00	0.00	0.00	0.00	0.00	-18.29	0.80	0.38
E-A549-Nt	NP_055422.1	UBXN4	13	13	13.00	1	0|0|0	1.00	1.00	1.00	1.00	1.00	21.36	130.00	0.00
E-A549-Nt	NP_055428.1	FAF2	10	10	10.00	1	0|0|0	1.00	1.00	1.00	1.00	1.00	16.94	100.00	0.00
E-A549-Nt	NP_055567.2	SPCS2	3	3	3.00	1	0|0|0	1.00	1.00	1.00	1.00	1.00	5.45	30.00	0.00
E-A549-Nt	NP_055573.2	SNX19	46	46	46.00	1	0|0|0	1.00	1.00	1.00	1.00	1.00	69.47	460.00	0.00
E-A549-Nt	NP_055637.2	SEC24D	4	4	4.00	1	0|0|0	1.00	1.00	1.00	1.00	1.00	7.19	40.00	0.00
E-A549-Nt	NP_055644.2	DDX46	4	4	4.00	1	90|80|0	0.00	0.00	0.00	0.00	0.00	-359.60	0.05	0.54
E-A549-Nt	NP_055681.1	SEC16A	169	169	169.00	1	44|42|0	1.00	1.00	1.00	1.00	1.00	69.82	3.93	0.00
E-A549-Nt	NP_055688.1	LPGAT1	5	5	5.00	1	0|0|0	1.00	1.00	1.00	1.00	1.00	8.87	50.00	0.00
E-A549-Nt	NP_055706.1	PDAP1	8	8	8.00	1	13|12|0	0.00	0.00	0.00	0.00	0.00	-33.61	0.64	0.54
E-A549-Nt	NP_055814.1	RAB21	11	11	11.00	1	0|0|0	1.00	1.00	1.00	1.00	1.00	18.33	110.00	0.00
E-A549-Nt	NP_055841.2	MON2	18	18	18.00	1	14|9|0	0.00	0.00	0.00	0.00	0.00	-15.06	1.57	0.35
E-A549-Nt	NP_055870.2	SWAP70	7	7	7.00	1	10|18|0	0.00	0.00	0.00	0.00	0.00	-41.08	0.50	0.54
E-A549-Nt	NP_055929.1	ANKLE2	114	114	114.00	1	11|8|0	1.00	1.00	1.00	1.00	1.00	105.25	12.00	0.00
E-A549-Nt	NP_056046.1	NUP160	2	2	2.00	1	4|0|0	0.02	0.02	0.02	0.02	0.02	-4.04	1.00	0.14
E-A549-Nt	NP_056101.5	SYNM	9	9	9.00	1	51|38|0	0.00	0.00	0.00	0.00	0.00	-163.67	0.20	0.54
E-A549-Nt	NP_056106.1	DNAJC16	47	47	47.00	1	0|0|0	1.00	1.00	1.00	1.00	1.00	70.90	470.00	0.00
E-A549-Nt	NP_056120.2	ANGEL1	2	2	2.00	1	0|0|0	0.97	0.97	0.97	0.97	0.97	3.59	20.00	0.00
E-A549-Nt	NP_056130.2	LARP1	3	3	3.00	1	20|19|0	0.00	0.00	0.00	0.00	0.00	-74.48	0.15	0.54
E-A549-Nt	NP_056163.1	TMEM131	20	20	20.00	1	0|0|0	1.00	1.00	1.00	1.00	1.00	31.79	200.00	0.00
E-A549-Nt	NP_056203.2	YIPF3	16	16	16.00	1	0|0|0	1.00	1.00	1.00	1.00	1.00	25.87	160.00	0.00
E-A549-Nt	NP_056261.4	AHCTF1	21	21	21.00	1	18|9|0	0.00	0.00	0.00	0.00	0.00	-18.15	1.56	0.38
E-A549-Nt	NP_056274.3	ATL3	8	8	8.00	1	0|0|0	1.00	1.00	1.00	1.00	1.00	13.78	80.00	0.00
E-A549-Nt	NP_056369.1	GLCE	21	21	21.00	1	0|0|0	1.00	1.00	1.00	1.00	1.00	33.28	210.00	0.00
E-A549-Nt	NP_056993.2	NBAS	8	8	8.00	1	0|0|0	1.00	1.00	1.00	1.00	1.00	13.71	80.00	0.00
E-A549-Nt	NP_057105.2	UBE2J1	39	39	39.00	1	0|0|0	1.00	1.00	1.00	1.00	1.00	59.43	390.00	0.00
E-A549-Nt	NP_057113.1	DHRS7	27	27	27.00	1	0|0|0	1.00	1.00	1.00	1.00	1.00	42.05	270.00	0.00
E-A549-Nt	NP_057211.4	SARAF	5	5	5.00	1	0|0|0	1.00	1.00	1.00	1.00	1.00	8.87	50.00	0.00
E-A549-Nt	NP_057226.1	HSD17B12	3	3	3.00	1	0|0|0	1.00	1.00	1.00	1.00	1.00	5.47	30.00	0.00
E-A549-Nt	NP_057228.1	COMMD10	6	6	6.00	1	9|10|0	0.00	0.00	0.00	0.00	0.00	-25.77	0.63	0.54
E-A549-Nt	NP_057291.1	CPSF3	7	7	7.00	1	10|22|0	0.00	0.00	0.00	0.00	0.00	-48.75	0.44	0.54
E-A549-Nt	NP_057329.2	HSD17B11	5	5	5.00	1	0|0|0	1.00	1.00	1.00	1.00	1.00	8.86	50.00	0.00
E-A549-Nt	NP_057332.1	AKAP11	5	5	5.00	1	0|0|0	1.00	1.00	1.00	1.00	1.00	8.88	50.00	0.00
E-A549-Nt	NP_057371.2	HP1BP3	3	3	3.00	1	20|27|0	0.00	0.00	0.00	0.00	0.00	-91.88	0.13	0.54
E-A549-Nt	NP_057479.2	HACD3	14	14	14.00	1	0|0|0	1.00	1.00	1.00	1.00	1.00	22.90	140.00	0.00
E-A549-Nt	NP_057645.1	BFAR	14	14	14.00	1	0|0|0	1.00	1.00	1.00	1.00	1.00	22.87	140.00	0.00
E-A549-Nt	NP_057698.2	TDP2	5	5	5.00	1	12|17|0	0.00	0.00	0.00	0.00	0.00	-47.85	0.34	0.54
E-A549-Nt	NP_058626.1	STX18	8	8	8.00	1	0|0|0	1.00	1.00	1.00	1.00	1.00	13.74	80.00	0.00
E-A549-Nt	NP_060069.3	VEZT	45	45	45.00	1	2|3|0	1.00	1.00	1.00	1.00	1.00	48.18	18.00	0.00
E-A549-Nt	NP_060139.2	ERCC6L	28	28	28.00	1	61|54|0	0.00	0.00	0.00	0.00	0.00	-171.12	0.49	0.54
E-A549-Nt	NP_060193.2	TOR4A	10	10	10.00	1	0|0|0	1.00	1.00	1.00	1.00	1.00	16.79	100.00	0.00
E-A549-Nt	NP_060220.3	RETSAT	20	20	20.00	1	0|0|0	1.00	1.00	1.00	1.00	1.00	31.79	200.00	0.00
E-A549-Nt	NP_060244.2	CDKAL1	39	39	39.00	1	2|3|0	1.00	1.00	1.00	1.00	1.00	40.09	15.60	0.00
E-A549-Nt	NP_060255.3	SPDL1	20	20	20.00	1	18|16|0	0.00	0.00	0.00	0.00	0.00	-31.44	1.18	0.45
E-A549-Nt	NP_060259.4	SEMA4C	22	22	22.00	1	0|0|0	1.00	1.00	1.00	1.00	1.00	34.73	220.00	0.00
E-A549-Nt	NP_060321.3	PARP16	12	12	12.00	1	0|0|0	1.00	1.00	1.00	1.00	1.00	19.86	120.00	0.00
E-A549-Nt	NP_060377.1	LAMTOR1	7	7	7.00	1	9|12|0	0.00	0.00	0.00	0.00	0.00	-27.80	0.67	0.54
E-A549-Nt	NP_060391.2	NPLOC4	3	3	3.00	1	0|0|0	1.00	1.00	1.00	1.00	1.00	5.45	30.00	0.00
E-A549-Nt	NP_060395.5	DENND4C	11	11	11.00	1	25|16|0	0.00	0.00	0.00	0.00	0.00	-58.79	0.54	0.54
E-A549-Nt	NP_060458.3	SCYL2	10	10	10.00	1	19|18|0	0.00	0.00	0.00	0.00	0.00	-53.13	0.54	0.54
E-A549-Nt	NP_060495.2	GPATCH1	42	42	42.00	1	63|70|0	0.00	0.00	0.00	0.00	0.00	-178.65	0.63	0.54
E-A549-Nt	NP_060530.3	IARS2	40	40	40.00	1	6|9|0	1.00	1.00	1.00	1.00	1.00	23.12	5.33	0.00
E-A549-Nt	NP_060533.2	HELLS	86	86	86.00	1	118|125|0	0.00	0.00	0.00	0.00	0.00	-309.26	0.71	0.54
E-A549-Nt	NP_060650.2	DHX32	6	6	6.00	1	0|0|0	1.00	1.00	1.00	1.00	1.00	10.50	60.00	0.00
E-A549-Nt	NP_060700.2	NUP133	12	12	12.00	1	8|9|0	0.00	0.00	0.00	0.00	0.00	-13.10	1.41	0.33
E-A549-Nt	NP_060774.2	PRR11	32	32	32.00	1	0|0|0	1.00	1.00	1.00	1.00	1.00	49.32	320.00	0.00
E-A549-Nt	NP_060855.2	LSG1	58	58	58.00	1	10|10|0	1.00	1.00	1.00	1.00	1.00	35.91	5.80	0.00
E-A549-Nt	NP_060934.1	CISD1	4	4	4.00	1	0|2|0	0.76	0.76	0.76	0.76	0.76	1.13	4.00	0.01
E-A549-Nt	NP_060937.1	USE1	27	27	27.00	1	6|8|0	1.00	1.00	1.00	1.00	1.00	10.56	3.86	0.00
E-A549-Nt	NP_060939.3	TEX2	35	35	35.00	1	2|0|0	1.00	1.00	1.00	1.00	1.00	19.61	35.00	0.00
E-A549-Nt	NP_060960.2	LGR4	27	27	27.00	1	2|0|0	1.00	1.00	1.00	1.00	1.00	15.18	27.00	0.00
E-A549-Nt	NP_060979.2	LRRC59	15	15	15.00	1	3|3|0	1.00	1.00	1.00	1.00	1.00	8.06	5.00	0.00
E-A549-Nt	NP_061123.3	GPRC5C	3	3	3.00	1	0|0|0	1.00	1.00	1.00	1.00	1.00	5.44	30.00	0.00
E-A549-Nt	NP_061161.2	FAM114A2	29	29	29.00	1	17|19|0	0.00	0.00	0.00	0.00	0.00	-22.34	1.61	0.41
E-A549-Nt	NP_061184.1	COG1	52	52	52.00	1	34|35|0	0.00	0.00	0.00	0.00	0.00	-47.30	1.51	0.49
E-A549-Nt	NP_061913.3	ELP4	2	2	2.00	1	16|14|0	0.00	0.00	0.00	0.00	0.00	-58.16	0.13	0.54
E-A549-Nt	NP_061985.2	ABCA7	2	2	2.00	1	0|0|0	0.97	0.97	0.97	0.97	0.97	3.59	20.00	0.00
E-A549-Nt	NP_064522.3	GRIPAP1	4	4	4.00	1	24|18|0	0.00	0.00	0.00	0.00	0.00	-77.91	0.19	0.54
E-A549-Nt	NP_064539.1	EMC7	17	17	17.00	1	0|0|0	1.00	1.00	1.00	1.00	1.00	27.37	170.00	0.00
E-A549-Nt	NP_064551.3	MCCC1	190	190	190.00	1	44|42|198	0.00	0.00	0.00	0.00	0.00	-164.73	1.57	0.53
E-A549-Nt	NP_064581.2	XAB2	45	45	45.00	1	115|117|0	0.00	0.00	0.00	0.00	0.00	-370.83	0.39	0.54
E-A549-Nt	NP_064583.2	CCDC47	31	31	31.00	1	0|0|0	1.00	1.00	1.00	1.00	1.00	47.88	310.00	0.00
E-A549-Nt	NP_065134.1	NUP107	15	15	15.00	1	18|17|0	0.00	0.00	0.00	0.00	0.00	-40.47	0.86	0.47
E-A549-Nt	NP_065136.1	PCDH9	6	6	6.00	1	0|0|0	1.00	1.00	1.00	1.00	1.00	10.50	60.00	0.00
E-A549-Nt	NP_065143.2	ATP13A1	5	5	5.00	1	0|0|0	1.00	1.00	1.00	1.00	1.00	8.86	50.00	0.00
E-A549-Nt	NP_065155.3	TMEM159	12	12	12.00	1	0|0|0	1.00	1.00	1.00	1.00	1.00	19.85	120.00	0.00
E-A549-Nt	NP_065156.5	SCYL3	9	9	9.00	1	0|5|0	0.77	0.77	0.77	0.77	0.77	1.19	3.60	0.01
E-A549-Nt	NP_065203.2	YIF1A	4	4	4.00	1	0|0|0	1.00	1.00	1.00	1.00	1.00	7.19	40.00	0.00
E-A549-Nt	NP_065385.2	PBXIP1	4	4	4.00	1	0|0|0	1.00	1.00	1.00	1.00	1.00	7.18	40.00	0.00
E-A549-Nt	NP_065779.1	ESYT2	25	25	25.00	1	6|5|0	1.00	1.00	1.00	1.00	1.00	12.36	4.55	0.00
E-A549-Nt	NP_065789.1	KIDINS220	4	4	4.00	1	3|0|0	0.49	0.49	0.49	0.49	0.49	-0.02	2.67	0.03
E-A549-Nt	NP_065850.1	STAMBPL1	12	12	12.00	1	21|26|0	0.00	0.00	0.00	0.00	0.00	-68.86	0.51	0.54
E-A549-Nt	NP_065881.1	WDFY1	2	2	2.00	1	8|10|0	0.00	0.00	0.00	0.00	0.00	-32.44	0.22	0.54
E-A549-Nt	NP_065897.1	SLAIN2	4	4	4.00	1	26|31|0	0.00	0.00	0.00	0.00	0.00	-110.29	0.14	0.54
E-A549-Nt	NP_065941.2	CIP2A	15	15	15.00	1	16|21|0	0.00	0.00	0.00	0.00	0.00	-44.17	0.81	0.48
E-A549-Nt	NP_066010.1	ANO8	4	4	4.00	1	0|0|0	1.00	1.00	1.00	1.00	1.00	7.18	40.00	0.00
E-A549-Nt	NP_066565.1	NMT1	4	4	4.00	1	6|5|0	0.00	0.00	0.00	0.00	0.00	-14.17	0.73	0.34
E-A549-Nt	NP_066972.1	COTL1	3	3	3.00	1	0|0|0	1.00	1.00	1.00	1.00	1.00	5.45	30.00	0.00
E-A549-Nt	NP_067640.2	SENP2	3	3	3.00	1	0|0|0	1.00	1.00	1.00	1.00	1.00	5.44	30.00	0.00
E-A549-Nt	NP_068749.3	RINT1	39	39	39.00	1	6|10|0	1.00	1.00	1.00	1.00	1.00	20.84	4.88	0.00
E-A549-Nt	NP_071358.1	CERS2	4	4	4.00	1	0|0|0	1.00	1.00	1.00	1.00	1.00	7.18	40.00	0.00
E-A549-Nt	NP_071757.4	MMS19	7	7	7.00	1	9|8|0	0.00	0.00	0.00	0.00	0.00	-20.30	0.82	0.39
E-A549-Nt	NP_071760.2	DNAJC1	30	30	30.00	1	0|0|0	1.00	1.00	1.00	1.00	1.00	46.42	300.00	0.00
E-A549-Nt	NP_071922.2	NDRG3	4	4	4.00	1	3|6|0	0.00	0.00	0.00	0.00	0.00	-10.57	0.89	0.29
E-A549-Nt	NP_073572.2	ACBD3	9	9	9.00	1	0|0|0	1.00	1.00	1.00	1.00	1.00	15.27	90.00	0.00
E-A549-Nt	NP_073581.2	C16orf58	19	19	19.00	1	0|0|0	1.00	1.00	1.00	1.00	1.00	30.32	190.00	0.00
E-A549-Nt	NP_073739.3	YTHDC2	3	3	3.00	1	21|15|0	0.00	0.00	0.00	0.00	0.00	-68.01	0.17	0.54
E-A549-Nt	NP_075053.2	SLC30A5	6	6	6.00	1	0|0|0	1.00	1.00	1.00	1.00	1.00	10.51	60.00	0.00
E-A549-Nt	NP_075385.1	MARCKSL1	3	3	3.00	1	0|0|0	1.00	1.00	1.00	1.00	1.00	5.44	30.00	0.00
E-A549-Nt	NP_075566.2	PYCR3	5	5	5.00	1	3|2|0	0.10	0.10	0.10	0.10	0.10	-2.17	2.00	0.08
E-A549-Nt	NP_076424.1	DDRGK1	19	19	19.00	1	0|2|0	1.00	1.00	1.00	1.00	1.00	10.49	19.00	0.00
E-A549-Nt	NP_077269.3	RETREG2	9	9	9.00	1	0|0|0	1.00	1.00	1.00	1.00	1.00	15.24	90.00	0.00
E-A549-Nt	NP_079010.2	CLMN	26	26	26.00	1	14|15|0	0.00	0.00	0.00	0.00	0.00	-14.50	1.79	0.34
E-A549-Nt	NP_079150.3	KIAA0319L	4	4	4.00	1	0|0|0	1.00	1.00	1.00	1.00	1.00	7.19	40.00	0.00
E-A549-Nt	NP_079157.3	SLC35E1	10	10	10.00	1	0|0|0	1.00	1.00	1.00	1.00	1.00	16.79	100.00	0.00
E-A549-Nt	NP_079197.3	POF1B	3	3	3.00	1	19|18|0	0.00	0.00	0.00	0.00	0.00	-70.18	0.16	0.54
E-A549-Nt	NP_079508.2	REEP4	10	10	10.00	1	0|0|0	1.00	1.00	1.00	1.00	1.00	16.79	100.00	0.00
E-A549-Nt	NP_085048.1	NDFIP1	3	3	3.00	1	0|0|0	1.00	1.00	1.00	1.00	1.00	5.46	30.00	0.00
E-A549-Nt	NP_085125.1	CYP2S1	16	16	16.00	1	3|7|0	0.91	0.91	0.91	0.91	0.91	2.26	3.20	0.01
E-A549-Nt	NP_085153.1	LNPK	11	11	11.00	1	0|0|0	1.00	1.00	1.00	1.00	1.00	18.33	110.00	0.00
E-A549-Nt	NP_110382.3	TMX1	15	15	15.00	1	0|0|0	1.00	1.00	1.00	1.00	1.00	24.37	150.00	0.00
E-A549-Nt	NP_112092.1	APOL2	6	6	6.00	1	0|0|0	1.00	1.00	1.00	1.00	1.00	10.50	60.00	0.00
E-A549-Nt	NP_112589.1	CDCA3	6	6	6.00	1	0|2|0	0.92	0.92	0.92	0.92	0.92	2.45	6.00	0.01
E-A549-Nt	NP_113619.2	COG3	5	5	5.00	1	0|0|0	1.00	1.00	1.00	1.00	1.00	8.86	50.00	0.00
E-A549-Nt	NP_114172.1	CCNB1	8	8	8.00	1	9|7|0	0.00	0.00	0.00	0.00	0.00	-17.07	1.00	0.37
E-A549-Nt	NP_114414.2	EIF2A	11	11	11.00	1	27|32|0	0.00	0.00	0.00	0.00	0.00	-95.36	0.37	0.54
E-A549-Nt	NP_115733.2	CCDC115	3	3	3.00	1	0|0|0	1.00	1.00	1.00	1.00	1.00	5.45	30.00	0.00
E-A549-Nt	NP_115744.2	LZIC	2	2	2.00	1	3|4|0	0.00	0.00	0.00	0.00	0.00	-10.08	0.57	0.54
E-A549-Nt	NP_115786.1	HOOK3	4	4	4.00	1	0|0|0	1.00	1.00	1.00	1.00	1.00	7.19	40.00	0.00
E-A549-Nt	NP_115807.1	SYVN1	2	2	2.00	1	0|0|0	0.97	0.97	0.97	0.97	0.97	3.62	20.00	0.00
E-A549-Nt	NP_116126.3	LMNB2	11	11	11.00	1	0|0|0	1.00	1.00	1.00	1.00	1.00	18.34	110.00	0.00
E-A549-Nt	NP_116129.3	SFT2D3	4	4	4.00	1	0|0|0	1.00	1.00	1.00	1.00	1.00	7.18	40.00	0.00
E-A549-Nt	NP_116185.2	SYAP1	44	44	44.00	1	21|30|0	0.00	0.00	0.00	0.00	0.00	-28.39	1.73	0.44
E-A549-Nt	NP_116222.3	PPP1R15B	56	56	56.00	1	5|8|0	1.00	1.00	1.00	1.00	1.00	44.61	8.62	0.00
E-A549-Nt	NP_116231.2	TMEM209	13	13	13.00	1	0|0|0	1.00	1.00	1.00	1.00	1.00	21.36	130.00	0.00
E-A549-Nt	NP_149094.3	RHPN2	6	6	6.00	1	15|19|0	0.00	0.00	0.00	0.00	0.00	-55.76	0.35	0.54
E-A549-Nt	NP_149107.4	NEK9	4	4	4.00	1	17|16|0	0.00	0.00	0.00	0.00	0.00	-58.74	0.24	0.54
E-A549-Nt	NP_149351.1	SURF4	12	12	12.00	1	0|2|0	1.00	1.00	1.00	1.00	1.00	6.30	12.00	0.00
E-A549-Nt	NP_203754.2	TNKS1BP1	4	4	4.00	1	76|73|0	0.00	0.00	0.00	0.00	0.00	-312.97	0.05	0.54
E-A549-Nt	NP_444280.2	SNAP47	39	39	39.00	1	3|5|0	1.00	1.00	1.00	1.00	1.00	33.17	9.75	0.00
E-A549-Nt	NP_536724.1	PIGU	19	19	19.00	1	0|0|0	1.00	1.00	1.00	1.00	1.00	30.32	190.00	0.00
E-A549-Nt	NP_563615.3	DCBLD2	3	3	3.00	1	0|0|0	1.00	1.00	1.00	1.00	1.00	5.44	30.00	0.00
E-A549-Nt	NP_570721.1	PRRC1	4	4	4.00	1	5|9|0	0.00	0.00	0.00	0.00	0.00	-19.85	0.57	0.54
E-A549-Nt	NP_612142.2	NUP35	19	19	19.00	1	2|3|0	1.00	1.00	1.00	1.00	1.00	14.23	7.60	0.00
E-A549-Nt	NP_612398.2	FAM114A1	25	25	25.00	1	16|17|0	0.00	0.00	0.00	0.00	0.00	-22.69	1.52	0.41
E-A549-Nt	NP_612429.2	AHNAK2	336	336	336.00	1	579|418|0	0.00	0.00	0.00	0.00	0.00	-inf	0.67	0.54
E-A549-Nt	NP_620140.1	GINM1	2	2	2.00	1	0|0|0	0.97	0.97	0.97	0.97	0.97	3.62	20.00	0.00
E-A549-Nt	NP_640339.4	TSTD2	7	7	7.00	1	15|19|0	0.00	0.00	0.00	0.00	0.00	-53.44	0.41	0.54
E-A549-Nt	NP_644810.1	WDR36	27	27	27.00	1	51|55|0	0.00	0.00	0.00	0.00	0.00	-155.23	0.51	0.54
E-A549-Nt	NP_653171.1	JPT2	29	29	29.00	1	17|22|0	0.00	0.00	0.00	0.00	0.00	-27.47	1.49	0.43
E-A549-Nt	NP_658988.2	SMCR8	16	16	16.00	1	8|7|0	0.01	0.01	0.01	0.01	0.01	-4.33	2.13	0.15
E-A549-Nt	NP_689474.1	TMEM263	3	3	3.00	1	3|6|0	0.00	0.00	0.00	0.00	0.00	-12.12	0.67	0.54
E-A549-Nt	NP_689485.1	CHMP7	37	37	37.00	1	16|20|0	0.00	0.00	0.00	0.00	0.00	-11.63	2.06	0.31
E-A549-Nt	NP_689753.2	SCFD2	14	14	14.00	1	11|13|0	0.00	0.00	0.00	0.00	0.00	-22.51	1.17	0.41
E-A549-Nt	NP_689926.1	STT3A	7	7	7.00	1	0|0|0	1.00	1.00	1.00	1.00	1.00	12.11	70.00	0.00
E-A549-Nt	NP_689929.2	PATL1	5	5	5.00	1	29|29|0	0.00	0.00	0.00	0.00	0.00	-109.28	0.17	0.54
E-A549-Nt	NP_699196.2	TAPT1	4	4	4.00	1	0|0|0	1.00	1.00	1.00	1.00	1.00	7.19	40.00	0.00
E-A549-Nt	NP_705833.3	CRYBG3	43	43	43.00	1	31|20|0	0.00	0.00	0.00	0.00	0.00	-30.40	1.69	0.44
E-A549-Nt	NP_775741.1	MMGT1	6	6	6.00	1	0|0|0	1.00	1.00	1.00	1.00	1.00	10.53	60.00	0.00
E-A549-Nt	NP_775752.1	MISP	3	3	3.00	1	31|32|0	0.00	0.00	0.00	0.00	0.00	-126.82	0.10	0.54
E-A549-Nt	NP_775788.2	VKORC1L1	4	4	4.00	1	0|0|0	1.00	1.00	1.00	1.00	1.00	7.18	40.00	0.00
E-A549-Nt	NP_775918.2	RNF149	10	10	10.00	1	0|0|0	1.00	1.00	1.00	1.00	1.00	16.80	100.00	0.00
E-A549-Nt	NP_776152.1	PDZD8	26	26	26.00	1	0|2|0	1.00	1.00	1.00	1.00	1.00	14.54	26.00	0.00
E-A549-Nt	NP_776186.2	RABL3	16	16	16.00	1	0|0|0	1.00	1.00	1.00	1.00	1.00	25.86	160.00	0.00
E-A549-Nt	NP_789782.1	CHMP4B	12	12	12.00	1	16|17|0	0.00	0.00	0.00	0.00	0.00	-41.72	0.73	0.47
E-A549-Nt	NP_848591.2	MB21D2	4	4	4.00	1	4|4|0	0.00	0.00	0.00	0.00	0.00	-8.80	1.00	0.25
E-A549-Nt	NP_848927.2	MTDH	108	108	108.00	1	21|20|0	1.00	1.00	1.00	1.00	1.00	62.13	5.27	0.00
E-A549-Nt	NP_848934.1	GPAT4	25	25	25.00	1	0|0|0	1.00	1.00	1.00	1.00	1.00	39.13	250.00	0.00
E-A549-Nt	NP_849193.1	STT3B	28	28	28.00	1	0|0|0	1.00	1.00	1.00	1.00	1.00	43.51	280.00	0.00
E-A549-Nt	NP_851320.1	GPR180	5	5	5.00	1	0|0|0	1.00	1.00	1.00	1.00	1.00	8.86	50.00	0.00
E-A549-Nt	NP_853553.1	AUP1	77	77	77.00	1	4|4|0	1.00	1.00	1.00	1.00	1.00	83.19	19.25	0.00
E-A549-Nt	NP_859052.3	QSOX2	4	4	4.00	1	0|0|0	1.00	1.00	1.00	1.00	1.00	7.18	40.00	0.00
E-A549-Nt	NP_861448.2	TMTC3	13	13	13.00	1	0|0|0	1.00	1.00	1.00	1.00	1.00	21.36	130.00	0.00
E-A549-Nt	NP_877435.2	WDR72	22	22	22.00	1	0|0|0	1.00	1.00	1.00	1.00	1.00	34.73	220.00	0.00
E-A549-Nt	NP_998766.1	TMED8	9	9	9.00	1	0|0|0	1.00	1.00	1.00	1.00	1.00	15.24	90.00	0.00
E-A549-Nt	P00761	P00761	61	61	61.00	1	30|28|142	0.00	0.00	0.00	0.00	0.00	-216.73	0.71	0.54
E-A549-Nt	P02672	FGA	6	6	6.00	1	0|0|0	1.00	1.00	1.00	1.00	1.00	10.50	60.00	0.00
E-A549-Nt	P02676	FGB	4	4	4.00	1	0|0|0	1.00	1.00	1.00	1.00	1.00	7.18	40.00	0.00
E-A549-Nt	P12763	AHSG	10	10	10.00	1	3|5|0	0.36	0.36	0.35	0.35	0.36	-0.61	2.50	0.04
E-A549-Nt	Streptavidin	Streptavidin	206	206	206.00	1	227|110|44	0.00	0.00	0.00	0.00	0.00	-297.38	1.22	0.54
E-A549-Nt	TurboID	TurboID	195	195	195.00	1	398|1241|0	0.00	0.00	0.00	0.00	0.00	-inf	0.24	0.54
E-A549-Nt	ENSEMBL:ENSBTAP00000016242	ENSEMBL:ENSBTAP00000016242	14	14	14.00	1	26|37|0	0.00	0.00	0.00	0.00	0.00	-96.48	0.44	0.54
E-A549-Nt	NP_000167.1	NR3C1	8	8	8.00	1	32|30|0	0.00	0.00	0.00	0.00	0.00	-109.16	0.26	0.54
E-A549-Nt	NP_000217.2	KRT9	112	112	112.00	1	30|24|34	1.00	1.00	1.00	1.00	1.00	36.33	3.50	0.00
E-A549-Nt	NP_000412.3	KRT10	107	107	107.00	1	92|16|139	0.00	0.00	0.00	0.00	0.00	-251.56	0.93	0.53
E-A549-Nt	NP_000215.1	KRT18	66	66	66.00	1	133|176|0	0.00	0.00	0.00	0.00	0.00	-479.08	0.43	0.54
E-A549-Nt	NP_000517.2	KRT14	41	41	41.00	1	19|0|0	0.92	0.92	0.92	0.92	0.92	2.42	4.32	0.01
E-A549-Nt	NP_005548.2	KRT16	37	37	37.00	1	17|0|0	0.92	0.92	0.92	0.92	0.92	2.45	4.35	0.01
E-A549-Nt	NP_000413.1	KRT17	20	20	20.00	1	0|0|0	1.00	1.00	1.00	1.00	1.00	31.80	200.00	0.00
E-A549-Nt	NP_000273.2	PCCA	260	260	260.00	1	106|142|396	0.00	0.00	0.00	0.00	0.00	-569.26	0.97	0.54
E-A549-Nt	NP_000373.1	ALDH3A2	29	29	29.00	1	4|6|0	1.00	1.00	1.00	1.00	1.00	17.90	5.80	0.00
E-A549-Nt	NP_000682.3	ALDH3A1	18	18	18.00	1	11|14|0	0.00	0.00	0.00	0.00	0.00	-18.60	1.44	0.38
E-A549-Nt	NP_000383.1	ABCC2	19	19	19.00	1	0|0|0	1.00	1.00	1.00	1.00	1.00	30.32	190.00	0.00
E-A549-Nt	NP_000680.2	ALDH1A1	21	21	21.00	1	24|24|9	0.00	0.00	0.00	0.00	0.00	-54.74	0.88	0.50
E-A549-Nt	NP_000692.2	ATP1A1	5	5	5.00	1	0|0|0	1.00	1.00	1.00	1.00	1.00	8.90	50.00	0.00
E-A549-Nt	NP_000777.1	CYP51A1	41	41	41.00	1	0|0|0	1.00	1.00	1.00	1.00	1.00	62.30	410.00	0.00
E-A549-Nt	NP_000801.1	GABRA5	9	9	9.00	1	0|0|0	1.00	1.00	1.00	1.00	1.00	15.24	90.00	0.00
E-A549-Nt	NP_000958.1	RPL3	15	15	15.00	1	3|3|0	1.00	1.00	1.00	1.00	1.00	8.09	5.00	0.00
E-A549-Nt	NP_000996.2	RPS3	6	6	6.00	1	0|0|0	1.00	1.00	1.00	1.00	1.00	10.55	60.00	0.00
E-A549-Nt	NP_001001323.1	ATP2B1	6	6	6.00	1	0|0|0	1.00	1.00	1.00	1.00	1.00	10.50	60.00	0.00
E-A549-Nt	NP_001001485.1	ATP2C1	4	4	4.00	1	0|0|0	1.00	1.00	1.00	1.00	1.00	7.18	40.00	0.00
E-A549-Nt	NP_001001924.1	MTUS1	5	5	5.00	1	50|64|0	0.00	0.00	0.00	0.00	0.00	-231.41	0.09	0.54
E-A549-Nt	NP_001002032.1	JPT1	6	6	6.00	1	15|18|0	0.00	0.00	0.00	0.00	0.00	-53.71	0.36	0.54
E-A549-Nt	NP_001002261.1	ZFYVE27	8	8	8.00	1	0|0|0	1.00	1.00	1.00	1.00	1.00	13.69	80.00	0.00
E-A549-Nt	NP_001003712.1	OSBPL8	28	28	28.00	1	0|3|0	1.00	1.00	1.00	1.00	1.00	9.52	18.67	0.00
E-A549-Nt	NP_001005373.1	LRSAM1	9	9	9.00	1	8|11|0	0.00	0.00	0.00	0.00	0.00	-20.93	0.95	0.40
E-A549-Nt	NP_001005464.1	H3C15	8	8	8.00	1	3|2|23	0.00	0.00	0.00	0.00	0.00	-34.26	0.62	0.54
E-A549-Nt	NP_001005743.1	NUMB	3	3	3.00	1	5|8|0	0.00	0.00	0.00	0.00	0.00	-19.83	0.46	0.54
E-A549-Nt	NP_001007025.1	GOSR1	25	25	25.00	1	0|0|0	1.00	1.00	1.00	1.00	1.00	39.15	250.00	0.00
E-A549-Nt	NP_001008660.1	PICALM	7	7	7.00	1	19|17|0	0.00	0.00	0.00	0.00	0.00	-57.50	0.39	0.54
E-A549-Nt	NP_001010989.1	HERPUD1	7	7	7.00	1	0|0|0	1.00	1.00	1.00	1.00	1.00	12.10	70.00	0.00
E-A549-Nt	NP_001012532.1	ITM2C	4	4	4.00	1	0|0|0	1.00	1.00	1.00	1.00	1.00	7.18	40.00	0.00
E-A549-Nt	NP_001019397.1	ARF1	9	9	9.00	1	2|4|0	0.79	0.79	0.79	0.79	0.79	1.35	3.00	0.01
E-A549-Nt	NP_001651.1	ARF4	8	8	8.00	1	0|0|0	1.00	1.00	1.00	1.00	1.00	13.68	80.00	0.00
E-A549-Nt	NP_001019770.1	H2BC18	14	14	14.00	1	6|7|0	0.03	0.03	0.03	0.03	0.03	-3.63	2.15	0.13
E-A549-Nt	NP_001020527.2	ANO6	79	79	79.00	1	3|5|0	1.00	1.00	1.00	1.00	1.00	85.90	19.75	0.00
E-A549-Nt	NP_001021.1	RPS27	4	4	4.00	1	0|0|0	1.00	1.00	1.00	1.00	1.00	7.22	40.00	0.00
E-A549-Nt	NP_001026884.3	INF2	37	37	37.00	1	15|14|0	0.45	0.45	0.44	0.44	0.45	-0.23	2.55	0.03
E-A549-Nt	NP_001027454.1	TMPO	191	191	191.00	1	48|54|0	1.00	1.00	1.00	1.00	1.00	72.33	3.75	0.00
E-A549-Nt	NP_001027566.1	ADGRG6	11	11	11.00	1	0|0|0	1.00	1.00	1.00	1.00	1.00	18.33	110.00	0.00
E-A549-Nt	NP_001034760.1	YIF1B	2	2	2.00	1	0|0|0	0.97	0.97	0.97	0.97	0.97	3.60	20.00	0.00
E-A549-Nt	NP_001035546.1	RHBDD2	19	19	19.00	1	0|0|0	1.00	1.00	1.00	1.00	1.00	30.32	190.00	0.00
E-A549-Nt	NP_001035905.1	CAST	3	3	3.00	1	21|25|0	0.00	0.00	0.00	0.00	0.00	-89.64	0.13	0.54
E-A549-Nt	NP_001036041.1	RRBP1	79	79	79.00	1	8|8|0	1.00	1.00	1.00	1.00	1.00	67.22	9.88	0.00
E-A549-Nt	NP_001037.1	SLC12A2	67	67	67.00	1	0|3|0	1.00	1.00	1.00	1.00	1.00	21.80	44.67	0.00
E-A549-Nt	NP_001041675.1	CLCC1	32	32	32.00	1	0|0|0	1.00	1.00	1.00	1.00	1.00	49.30	320.00	0.00
E-A549-Nt	NP_001072989.1	KTN1	149	149	149.00	1	22|9|0	1.00	1.00	1.00	1.00	1.00	17.22	9.61	0.00
E-A549-Nt	NP_001074324.1	PXN	4	4	4.00	1	12|14|0	0.00	0.00	0.00	0.00	0.00	-44.02	0.31	0.54
E-A549-Nt	NP_001077422.1	THADA	56	56	56.00	1	50|37|0	0.00	0.00	0.00	0.00	0.00	-73.08	1.29	0.51
E-A549-Nt	NP_001078927.1	CTNND1	13	13	13.00	1	26|32|0	0.00	0.00	0.00	0.00	0.00	-88.76	0.45	0.54
E-A549-Nt	NP_001091081.1	GPR89A	13	13	13.00	1	0|0|0	1.00	1.00	1.00	1.00	1.00	21.36	130.00	0.00
E-A549-Nt	NP_001091674.1	HNRNPF	6	6	6.00	1	21|30|0	0.00	0.00	0.00	0.00	0.00	-91.25	0.24	0.54
E-A549-Nt	NP_001092.1	ACTB	31	31	31.00	1	11|16|36	0.00	0.00	0.00	0.00	0.00	-46.48	1.19	0.49
E-A549-Nt	NP_001091.1	ACTA1	21	21	21.00	1	0|0|0	1.00	1.00	1.00	1.00	1.00	33.26	210.00	0.00
E-A549-Nt	NP_001092006.1	USP5	9	9	9.00	1	20|24|0	0.00	0.00	0.00	0.00	0.00	-69.29	0.41	0.54
E-A549-Nt	NP_001092086.1	C1orf43	9	9	9.00	1	0|0|0	1.00	1.00	1.00	1.00	1.00	15.25	90.00	0.00
E-A549-Nt	NP_001092257.1	BET1L	11	11	11.00	1	0|0|0	1.00	1.00	1.00	1.00	1.00	18.33	110.00	0.00
E-A549-Nt	NP_001092885.1	POM121C	18	18	18.00	1	3|2|0	1.00	1.00	1.00	1.00	1.00	12.99	7.20	0.00
E-A549-Nt	NP_001096137.1	PSMA4	4	4	4.00	1	7|11|0	0.00	0.00	0.00	0.00	0.00	-27.69	0.44	0.54
E-A549-Nt	NP_001096616.1	GIGYF2	7	7	7.00	1	39|31|0	0.00	0.00	0.00	0.00	0.00	-129.06	0.20	0.54
E-A549-Nt	NP_001104026.1	FLNA	86	86	86.00	1	328|381|0	0.00	0.00	0.00	0.00	0.00	-inf	0.24	0.54
E-A549-Nt	NP_001157789.1	FLNB	22	22	22.00	1	140|119|0	0.00	0.00	0.00	0.00	0.00	-490.21	0.17	0.54
E-A549-Nt	NP_001104547.1	EZR	50	50	50.00	1	61|68|0	0.00	0.00	0.00	0.00	0.00	-156.81	0.78	0.53
E-A549-Nt	NP_002435.1	MSN	11	11	11.00	1	30|26|0	0.00	0.00	0.00	0.00	0.00	-89.19	0.39	0.54
E-A549-Nt	NP_001106963.1	SEPTIN9	10	10	10.00	1	49|66|0	0.00	0.00	0.00	0.00	0.00	-216.42	0.17	0.54
E-A549-Nt	NP_001120683.1	SHTN1	27	27	27.00	1	36|50|0	0.00	0.00	0.00	0.00	0.00	-115.60	0.63	0.54
E-A549-Nt	NP_001122404.1	CYP4F11	22	22	22.00	1	0|0|0	1.00	1.00	1.00	1.00	1.00	34.73	220.00	0.00
E-A549-Nt	NP_001123356.1	TEX264	26	26	26.00	1	0|0|0	1.00	1.00	1.00	1.00	1.00	40.61	260.00	0.00
E-A549-Nt	NP_001123478.1	GSPT1	48	48	48.00	1	52|73|0	0.00	0.00	0.00	0.00	0.00	-152.21	0.77	0.53
E-A549-Nt	NP_060564.2	GSPT2	26	26	26.00	1	32|50|0	0.00	0.00	0.00	0.00	0.00	-109.47	0.63	0.54
E-A549-Nt	NP_001123525.2	EEF1D	7	7	7.00	1	23|25|0	0.00	0.00	0.00	0.00	0.00	-82.33	0.29	0.54
E-A549-Nt	NP_001123579.1	KLC1	12	12	12.00	1	31|22|0	0.00	0.00	0.00	0.00	0.00	-80.77	0.45	0.54
E-A549-Nt	NP_001123886.1	APBA2	5	5	5.00	1	0|0|0	1.00	1.00	1.00	1.00	1.00	8.87	50.00	0.00
E-A549-Nt	NP_001123952.1	VRK2	80	80	80.00	1	3|0|0	1.00	1.00	1.00	1.00	1.00	25.77	53.33	0.00
E-A549-Nt	NP_001124396.2	TMEM201	15	15	15.00	1	0|0|0	1.00	1.00	1.00	1.00	1.00	24.38	150.00	0.00
E-A549-Nt	NP_001124437.1	SUN1	40	40	40.00	1	0|0|0	1.00	1.00	1.00	1.00	1.00	60.86	400.00	0.00
E-A549-Nt	NP_001127836.1	MAP4	118	118	118.00	1	303|277|0	0.00	0.00	0.00	0.00	0.00	-inf	0.41	0.54
E-A549-Nt	NP_001127839.1	SLC6A6	5	5	5.00	1	0|0|0	1.00	1.00	1.00	1.00	1.00	8.86	50.00	0.00
E-A549-Nt	NP_001128659.1	AGFG1	58	58	58.00	1	74|96|0	0.00	0.00	0.00	0.00	0.00	-219.91	0.68	0.53
E-A549-Nt	NP_001129134.1	RAB29	8	8	8.00	1	0|0|0	1.00	1.00	1.00	1.00	1.00	13.68	80.00	0.00
E-A549-Nt	NP_001136086.1	EHBP1	49	49	49.00	1	36|37|0	0.00	0.00	0.00	0.00	0.00	-58.39	1.34	0.50
E-A549-Nt	NP_001137140.1	AMIGO2	11	11	11.00	1	0|0|0	1.00	1.00	1.00	1.00	1.00	18.33	110.00	0.00
E-A549-Nt	NP_001137232.1	EIF5A	6	6	6.00	1	2|3|0	0.30	0.30	0.30	0.30	0.30	-0.85	2.40	0.04
E-A549-Nt	NP_001138880.1	NONO	6	6	6.00	1	41|60|0	0.00	0.00	0.00	0.00	0.00	-198.88	0.12	0.54
E-A549-Nt	NP_001139433.1	SLC12A4	14	14	14.00	1	0|0|0	1.00	1.00	1.00	1.00	1.00	22.87	140.00	0.00
E-A549-Nt	NP_001143.2	SLC25A5	11	11	11.00	1	0|4|0	0.93	0.93	0.93	0.93	0.93	2.55	5.50	0.01
E-A549-Nt	NP_001627.2	SLC25A6	10	10	10.00	1	2|0|0	0.99	0.99	0.99	0.99	0.99	5.05	10.00	0.00
E-A549-Nt	NP_001158886.1	LDHA	22	22	22.00	1	8|10|0	0.18	0.18	0.18	0.18	0.18	-1.49	2.44	0.07
E-A549-Nt	NP_001159522.1	APBB2	4	4	4.00	1	0|0|0	1.00	1.00	1.00	1.00	1.00	7.19	40.00	0.00
E-A549-Nt	NP_001161143.1	LPP	4	4	4.00	1	27|30|0	0.00	0.00	0.00	0.00	0.00	-110.29	0.14	0.54
E-A549-Nt	NP_001164672.1	UBAP1	5	5	5.00	1	20|22|0	0.00	0.00	0.00	0.00	0.00	-75.06	0.24	0.54
E-A549-Nt	NP_001166176.1	EIF4G2	42	42	42.00	1	89|105|0	0.00	0.00	0.00	0.00	0.00	-299.99	0.43	0.54
E-A549-Nt	NP_001166184.1	GOLGA4	93	93	93.00	1	13|3|0	1.00	1.00	1.00	1.00	1.00	10.97	11.62	0.00
E-A549-Nt	NP_002464.1	MYH9	6	6	6.00	1	120|93|0	0.00	0.00	0.00	0.00	0.00	-446.03	0.06	0.54
E-A549-Nt	NP_001167459.1	RABL6	8	8	8.00	1	3|4|0	0.18	0.18	0.18	0.18	0.18	-1.55	2.29	0.07
E-A549-Nt	NP_001167552.1	NLRP2	16	16	16.00	1	34|32|0	0.00	0.00	0.00	0.00	0.00	-98.41	0.48	0.54
E-A549-Nt	NP_001171629.1	UGDH	11	11	11.00	1	9|12|0	0.00	0.00	0.00	0.00	0.00	-21.54	1.05	0.40
E-A549-Nt	NP_001180345.1	DDX3X	33	33	33.00	1	56|67|0	0.00	0.00	0.00	0.00	0.00	-176.64	0.54	0.54
E-A549-Nt	NP_001116137.1	DDX3Y	27	27	27.00	1	48|55|0	0.00	0.00	0.00	0.00	0.00	-149.26	0.52	0.54
E-A549-Nt	NP_004387.1	DDX5	3	3	3.00	1	29|38|0	0.00	0.00	0.00	0.00	0.00	-135.60	0.09	0.54
E-A549-Nt	NP_001180442.1	SLC30A6	32	32	32.00	1	4|7|0	1.00	1.00	1.00	1.00	1.00	19.81	5.82	0.00
E-A549-Nt	NP_001181875.1	EIF4G1	13	13	13.00	1	51|46|0	0.00	0.00	0.00	0.00	0.00	-169.63	0.27	0.54
E-A549-Nt	NP_001182484.1	CLINT1	58	58	58.00	1	37|41|0	0.00	0.00	0.00	0.00	0.00	-54.49	1.49	0.50
E-A549-Nt	NP_001184222.1	DPYSL2	22	22	22.00	1	40|42|0	0.00	0.00	0.00	0.00	0.00	-117.82	0.54	0.54
E-A549-Nt	NP_001184223.1	DPYSL3	4	4	4.00	1	24|24|0	0.00	0.00	0.00	0.00	0.00	-90.81	0.17	0.54
E-A549-Nt	NP_001186064.1	TANK	5	5	5.00	1	13|16|0	0.00	0.00	0.00	0.00	0.00	-47.83	0.34	0.54
E-A549-Nt	NP_001186092.1	PSMC5	28	28	28.00	1	27|34|0	0.00	0.00	0.00	0.00	0.00	-67.42	0.92	0.51
E-A549-Nt	NP_002793.2	PSMC1	11	11	11.00	1	0|0|0	1.00	1.00	1.00	1.00	1.00	18.33	110.00	0.00
E-A549-Nt	NP_001186211.2	LRBA	10	10	10.00	1	0|0|0	1.00	1.00	1.00	1.00	1.00	16.80	100.00	0.00
E-A549-Nt	NP_001186795.1	KIF16B	42	42	42.00	1	31|21|0	0.00	0.00	0.00	0.00	0.00	-32.87	1.62	0.45
E-A549-Nt	NP_001186873.1	SH3GL1	2	2	2.00	1	8|11|0	0.00	0.00	0.00	0.00	0.00	-34.58	0.21	0.54
E-A549-Nt	NP_001188406.1	NETO2	18	18	18.00	1	0|0|0	1.00	1.00	1.00	1.00	1.00	28.84	180.00	0.00
E-A549-Nt	NP_001189360.1	PRDX1	13	13	13.00	1	30|22|17	0.00	0.00	0.00	0.00	0.00	-76.73	0.50	0.54
E-A549-Nt	NP_001193769.1	TGOLN2	7	7	7.00	1	0|0|0	1.00	1.00	1.00	1.00	1.00	12.13	70.00	0.00
E-A549-Nt	NP_001196.2	BNIP1	7	7	7.00	1	0|0|0	1.00	1.00	1.00	1.00	1.00	12.11	70.00	0.00
E-A549-Nt	NP_001229268.1	PFKP	3	3	3.00	1	9|8|0	0.00	0.00	0.00	0.00	0.00	-27.89	0.35	0.54
E-A549-Nt	NP_001229783.1	ARFIP2	12	12	12.00	1	3|5|0	0.87	0.87	0.87	0.87	0.87	1.88	3.00	0.01
E-A549-Nt	NP_001230217.1	NECTIN3	4	4	4.00	1	0|0|0	1.00	1.00	1.00	1.00	1.00	7.18	40.00	0.00
E-A549-Nt	NP_001231888.1	FRMD3	11	11	11.00	1	0|0|0	1.00	1.00	1.00	1.00	1.00	18.33	110.00	0.00
E-A549-Nt	NP_001231903.1	PPP1CC	2	2	2.00	1	0|0|0	0.97	0.97	0.97	0.97	0.97	3.62	20.00	0.00
E-A549-Nt	NP_001234918.1	MIA2	16	16	16.00	1	0|0|0	1.00	1.00	1.00	1.00	1.00	25.87	160.00	0.00
E-A549-Nt	NP_001240308.1	RPL15	11	11	11.00	1	0|0|0	1.00	1.00	1.00	1.00	1.00	18.35	110.00	0.00
E-A549-Nt	NP_001240837.1	AKR1C3	18	18	18.00	1	16|24|0	0.00	0.00	0.00	0.00	0.00	-44.79	0.90	0.48
E-A549-Nt	XP_003960901.1	LOC101060798	15	15	15.00	1	13|15|0	0.00	0.00	0.00	0.00	0.00	-28.09	1.07	0.43
E-A549-Nt	NP_001243415.1	GOLGB1	121	121	121.00	1	48|34|0	0.32	0.32	0.32	0.32	0.32	-0.76	2.95	0.04
E-A549-Nt	NP_001245259.1	EPB41L1	6	6	6.00	1	37|39|0	0.00	0.00	0.00	0.00	0.00	-145.05	0.16	0.54
E-A549-Nt	NP_001186317.1	EPB41L2	3	3	3.00	1	31|28|0	0.00	0.00	0.00	0.00	0.00	-118.04	0.10	0.54
E-A549-Nt	NP_001245308.1	SLC4A7	29	29	29.00	1	6|3|0	1.00	1.00	1.00	1.00	1.00	19.36	6.44	0.00
E-A549-Nt	NP_001245380.1	PKMYT1	10	10	10.00	1	0|0|0	1.00	1.00	1.00	1.00	1.00	16.79	100.00	0.00
E-A549-Nt	NP_001247440.1	MGST1	3	3	3.00	1	0|0|0	1.00	1.00	1.00	1.00	1.00	5.44	30.00	0.00
E-A549-Nt	NP_001248356.1	LPIN1	6	6	6.00	1	3|4|0	0.01	0.01	0.01	0.01	0.01	-4.21	1.71	0.15
E-A549-Nt	NP_001252518.1	RTN3	13	13	13.00	1	3|3|0	1.00	1.00	1.00	1.00	1.00	5.93	4.33	0.00
E-A549-Nt	NP_001257904.1	IST1	12	12	12.00	1	13|16|0	0.00	0.00	0.00	0.00	0.00	-34.31	0.83	0.46
E-A549-Nt	NP_001258898.1	HSP90AB1	36	36	36.00	1	33|33|5	0.00	0.00	0.00	0.00	0.00	-64.57	1.09	0.51
E-A549-Nt	NP_001017963.2	HSP90AA1	24	24	24.00	1	23|21|0	0.00	0.00	0.00	0.00	0.00	-43.17	1.09	0.48
E-A549-Nt	NP_001258928.1	DOCK7	16	16	16.00	1	22|12|0	0.00	0.00	0.00	0.00	0.00	-36.76	0.94	0.46
E-A549-Nt	NP_001393.1	EEF1A1	21	21	21.00	1	19|21|19	0.00	0.00	0.00	0.00	0.00	-40.50	1.05	0.47
E-A549-Nt	NP_001611.1	AHNAK	311	311	311.00	1	1093|916|0	0.00	0.00	0.00	0.00	0.00	-inf	0.31	0.54
E-A549-Nt	NP_001646.2	ARCN1	50	50	50.00	1	19|16|0	1.00	1.00	1.00	1.00	1.00	6.40	2.86	0.00
E-A549-Nt	NP_001654.1	ARF6	2	2	2.00	1	0|0|0	0.97	0.97	0.97	0.97	0.97	3.61	20.00	0.00
E-A549-Nt	NP_001672.1	ATP2A2	52	52	52.00	1	0|0|0	1.00	1.00	1.00	1.00	1.00	78.07	520.00	0.00
E-A549-Nt	NP_001744.2	CAV1	16	16	16.00	1	4|5|0	0.99	0.99	0.99	0.99	0.99	5.14	3.56	0.00
E-A549-Nt	NP_001753.1	CCT6A	18	18	18.00	1	22|30|0	0.00	0.00	0.00	0.00	0.00	-67.11	0.69	0.51
E-A549-Nt	NP_001904.2	CUX1	36	36	36.00	1	16|11|0	0.85	0.85	0.84	0.84	0.85	1.69	2.67	0.01
E-A549-Nt	NP_001905.1	CYB5A	8	8	8.00	1	0|0|0	1.00	1.00	1.00	1.00	1.00	13.68	80.00	0.00
E-A549-Nt	NP_001952.1	EEF2	19	19	19.00	1	29|40|0	0.00	0.00	0.00	0.00	0.00	-98.01	0.55	0.54
E-A549-Nt	NP_002127.1	HNRNPA1	9	9	9.00	1	16|32|0	0.00	0.00	0.00	0.00	0.00	-76.63	0.38	0.54
E-A549-Nt	NP_002128.1	HNRNPA2B1	2	2	2.00	1	14|20|0	0.00	0.00	0.00	0.00	0.00	-66.91	0.12	0.54
E-A549-Nt	NP_002202.2	ITGB1	95	95	95.00	1	15|14|0	1.00	1.00	1.00	1.00	1.00	64.19	6.55	0.00
E-A549-Nt	NP_002258.2	KPNA3	5	5	5.00	1	6|12|0	0.00	0.00	0.00	0.00	0.00	-25.44	0.56	0.54
E-A549-Nt	NP_002261.3	TNPO1	36	36	36.00	1	39|37|0	0.00	0.00	0.00	0.00	0.00	-82.22	0.95	0.52
E-A549-Nt	NP_002568.2	PAK2	33	33	33.00	1	48|53|0	0.00	0.00	0.00	0.00	0.00	-133.66	0.65	0.54
E-A549-Nt	NP_002645.3	PKM	61	61	61.00	1	26|39|39	0.00	0.00	0.00	0.00	0.00	-50.36	1.56	0.49
E-A549-Nt	NP_002732.3	PKN1	20	20	20.00	1	27|22|0	0.00	0.00	0.00	0.00	0.00	-58.16	0.82	0.50
E-A549-Nt	NP_002819.2	PTPN2	13	13	13.00	1	0|0|0	1.00	1.00	1.00	1.00	1.00	21.37	130.00	0.00
E-A549-Nt	NP_003082.1	SNRPB	10	10	10.00	1	14|19|0	0.00	0.00	0.00	0.00	0.00	-45.32	0.61	0.54
E-A549-Nt	NP_003090.2	SNX1	11	11	11.00	1	21|24|0	0.00	0.00	0.00	0.00	0.00	-66.95	0.49	0.54
E-A549-Nt	NP_003092.4	SOAT1	15	15	15.00	1	0|0|0	1.00	1.00	1.00	1.00	1.00	24.38	150.00	0.00
E-A549-Nt	NP_003127.1	SRP54	59	59	59.00	1	36|43|0	0.00	0.00	0.00	0.00	0.00	-54.84	1.49	0.50
E-A549-Nt	NP_003130.2	SRPRA	126	126	126.00	1	21|23|0	1.00	1.00	1.00	1.00	1.00	77.40	5.73	0.00
E-A549-Nt	NP_003155.2	STX5	45	45	45.00	1	4|4|0	1.00	1.00	1.00	1.00	1.00	40.83	11.25	0.00
E-A549-Nt	NP_003248.3	TJP1	24	24	24.00	1	129|105|0	0.00	0.00	0.00	0.00	0.00	-430.01	0.21	0.54
E-A549-Nt	NP_003477.4	SLC7A5	6	6	6.00	1	2|0|0	0.92	0.92	0.92	0.92	0.92	2.45	6.00	0.01
E-A549-Nt	NP_003555.1	TAGLN2	38	38	38.00	1	52|55|0	0.00	0.00	0.00	0.00	0.00	-136.09	0.71	0.53
E-A549-Nt	NP_003655.3	AP3B1	20	20	20.00	1	31|29|0	0.00	0.00	0.00	0.00	0.00	-78.81	0.67	0.54
E-A549-Nt	NP_003777.2	ABCC3	20	20	20.00	1	0|0|0	1.00	1.00	1.00	1.00	1.00	31.79	200.00	0.00
E-A549-Nt	NP_003786.1	SNX3	6	6	6.00	1	0|2|0	0.92	0.92	0.92	0.92	0.92	2.46	6.00	0.01
E-A549-Nt	NP_003891.1	SQSTM1	21	21	21.00	1	18|17|0	0.00	0.00	0.00	0.00	0.00	-31.75	1.20	0.45
E-A549-Nt	NP_003962.3	SPAG9	57	57	57.00	1	73|78|0	0.00	0.00	0.00	0.00	0.00	-186.11	0.75	0.53
E-A549-Nt	NP_003990.1	OSMR	26	26	26.00	1	0|0|0	1.00	1.00	1.00	1.00	1.00	40.59	260.00	0.00
E-A549-Nt	NP_004090.4	STOM	17	17	17.00	1	0|0|0	1.00	1.00	1.00	1.00	1.00	27.37	170.00	0.00
E-A549-Nt	NP_004152.1	RAB1A	21	21	21.00	1	0|4|0	0.99	0.99	0.99	0.99	0.99	5.29	10.50	0.00
E-A549-Nt	NP_057215.3	RAB10	14	14	14.00	1	3|5|0	0.99	0.99	0.99	0.99	0.99	4.26	3.50	0.00
E-A549-Nt	NP_112243.1	RAB1B	12	12	12.00	1	0|0|0	1.00	1.00	1.00	1.00	1.00	19.86	120.00	0.00
E-A549-Nt	NP_004209.2	RAB11B	13	13	13.00	1	0|0|0	1.00	1.00	1.00	1.00	1.00	21.37	130.00	0.00
E-A549-Nt	NP_004278.2	GOSR2	14	14	14.00	1	0|0|0	1.00	1.00	1.00	1.00	1.00	22.87	140.00	0.00
E-A549-Nt	NP_004324.2	BRAF	5	5	5.00	1	5|8|0	0.00	0.00	0.00	0.00	0.00	-16.22	0.77	0.36
E-A549-Nt	NP_004333.1	CALD1	7	7	7.00	1	34|32|0	0.00	0.00	0.00	0.00	0.00	-120.50	0.21	0.54
E-A549-Nt	NP_004359.1	CNN2	6	6	6.00	1	11|16|0	0.00	0.00	0.00	0.00	0.00	-41.50	0.44	0.54
E-A549-Nt	NP_004413.1	DVL2	30	30	30.00	1	23|25|0	0.00	0.00	0.00	0.00	0.00	-41.66	1.25	0.47
E-A549-Nt	NP_004414.3	DVL3	5	5	5.00	1	10|7|0	0.00	0.00	0.00	0.00	0.00	-23.76	0.59	0.54
E-A549-Nt	NP_004422.2	EPHA2	12	12	12.00	1	0|0|0	1.00	1.00	1.00	1.00	1.00	19.86	120.00	0.00
E-A549-Nt	NP_004448.2	ACSL3	26	26	26.00	1	0|0|0	1.00	1.00	1.00	1.00	1.00	40.59	260.00	0.00
E-A549-Nt	NP_004512.1	KIF5B	4	4	4.00	1	25|20|0	0.00	0.00	0.00	0.00	0.00	-84.36	0.18	0.54
E-A549-Nt	NP_004593.2	STAU1	10	10	10.00	1	24|36|0	0.00	0.00	0.00	0.00	0.00	-99.44	0.33	0.54
E-A549-Nt	NP_004729.1	VAPB	36	36	36.00	1	0|3|0	1.00	1.00	1.00	1.00	1.00	12.17	24.00	0.00
E-A549-Nt	NP_004850.1	CLTC	18	18	18.00	1	0|0|0	1.00	1.00	1.00	1.00	1.00	28.87	180.00	0.00
E-A549-Nt	NP_004857.4	SCAMP1	7	7	7.00	1	0|0|0	1.00	1.00	1.00	1.00	1.00	12.12	70.00	0.00
E-A549-Nt	NP_004870.3	EI24	8	8	8.00	1	0|0|0	1.00	1.00	1.00	1.00	1.00	13.68	80.00	0.00
E-A549-Nt	NP_004989.2	MYO1E	7	7	7.00	1	20|17|0	0.00	0.00	0.00	0.00	0.00	-59.58	0.38	0.54
E-A549-Nt	NP_005013.1	PFN1	10	10	10.00	1	8|6|8	0.00	0.00	0.00	0.00	0.00	-14.20	1.25	0.34
E-A549-Nt	NP_005219.2	EGFR	31	31	31.00	1	17|17|0	0.00	0.00	0.00	0.00	0.00	-16.10	1.82	0.36
E-A549-Nt	NP_005222.2	CTTN	63	63	63.00	1	87|95|0	0.00	0.00	0.00	0.00	0.00	-234.22	0.69	0.53
E-A549-Nt	NP_005236.2	FAT1	22	22	22.00	1	0|0|0	1.00	1.00	1.00	1.00	1.00	34.73	220.00	0.00
E-A549-Nt	NP_005311.1	H1-3	7	7	7.00	1	0|0|0	1.00	1.00	1.00	1.00	1.00	12.11	70.00	0.00
E-A549-Nt	NP_005310.1	H1-2	6	6	6.00	1	0|0|6	0.11	0.11	0.11	0.11	0.11	-2.10	2.00	0.08
E-A549-Nt	NP_005327.1	HDLBP	7	7	7.00	1	50|45|0	0.00	0.00	0.00	0.00	0.00	-183.02	0.15	0.54
E-A549-Nt	NP_005338.1	HSPA5	91	91	91.00	1	24|25|0	1.00	1.00	1.00	1.00	1.00	33.75	3.71	0.00
E-A549-Nt	NP_005408.1	SRC	15	15	15.00	1	0|3|0	0.99	0.99	0.99	0.99	0.99	5.03	10.00	0.00
E-A549-Nt	NP_005424.1	YES1	6	6	6.00	1	0|0|0	1.00	1.00	1.00	1.00	1.00	10.50	60.00	0.00
E-A549-Nt	NP_005498.1	CFL1	5	5	5.00	1	2|4|0	0.02	0.02	0.02	0.02	0.02	-3.86	1.67	0.13
E-A549-Nt	NP_005522.2	IFI16	48	48	48.00	1	31|38|0	0.00	0.00	0.00	0.00	0.00	-52.83	1.39	0.50
E-A549-Nt	NP_005563.1	LMNA	50	50	50.00	1	8|9|0	1.00	1.00	1.00	1.00	1.00	31.30	5.88	0.00
E-A549-Nt	NP_005564.1	LMNB1	32	32	32.00	1	0|0|0	1.00	1.00	1.00	1.00	1.00	49.31	320.00	0.00
E-A549-Nt	NP_005836.2	ABCC4	26	26	26.00	1	0|0|0	1.00	1.00	1.00	1.00	1.00	40.59	260.00	0.00
E-A549-Nt	NP_005886.2	GOLGA3	97	97	97.00	1	63|37|0	0.00	0.00	0.00	0.00	0.00	-49.28	1.94	0.49
E-A549-Nt	NP_005900.2	MAP1B	109	109	109.00	1	268|218|0	0.00	0.00	0.00	0.00	0.00	-inf	0.45	0.54
E-A549-Nt	NP_006058.1	EMC8	7	7	7.00	1	0|0|0	1.00	1.00	1.00	1.00	1.00	12.10	70.00	0.00
E-A549-Nt	NP_006112.3	KRT1	171	171	171.00	1	76|30|105	0.00	0.00	0.00	0.00	0.00	-92.58	1.89	0.52
E-A549-Nt	NP_000414.2	KRT2	108	108	108.00	1	44|13|100	0.00	0.00	0.00	0.00	0.00	-103.04	1.50	0.52
E-A549-Nt	NP_003371.2	VIM	93	93	93.00	1	157|151|0	0.00	0.00	0.00	0.00	0.00	-421.51	0.60	0.54
E-A549-Nt	NP_001243211.1	KRT8	93	93	93.00	1	90|106|0	0.00	0.00	0.00	0.00	0.00	-211.04	0.95	0.53
E-A549-Nt	NP_000415.2	KRT5	54	54	54.00	1	12|0|13	1.00	1.00	1.00	1.00	1.00	25.41	4.32	0.00
E-A549-Nt	NP_775109.2	KRT6C	44	44	44.00	1	0|0|0	1.00	1.00	1.00	1.00	1.00	66.60	440.00	0.00
E-A549-Nt	NP_005547.3	KRT7	36	36	36.00	1	53|58|0	0.00	0.00	0.00	0.00	0.00	-147.39	0.65	0.54
E-A549-Nt	NP_005546.2	KRT6B	46	46	46.00	1	0|0|0	1.00	1.00	1.00	1.00	1.00	69.47	460.00	0.00
E-A549-Nt	NP_002272.2	KRT81	38	38	38.00	1	34|24|7	0.00	0.00	0.00	0.00	0.00	-47.88	1.31	0.49
E-A549-Nt	NP_778253.2	KRT77	9	9	9.00	1	0|0|0	1.00	1.00	1.00	1.00	1.00	15.24	90.00	0.00
E-A549-Nt	K2M2_SHEEP	K2M2_SHEEP	32	32	32.00	1	0|0|0	1.00	1.00	1.00	1.00	1.00	49.30	320.00	0.00
E-A549-Nt	NP_002274.1	KRT85	17	17	17.00	1	27|0|0	0.00	0.00	0.00	0.00	0.00	-22.09	1.26	0.41
E-A549-Nt	NP_775487.2	KRT78	2	2	2.00	1	0|0|0	0.97	0.97	0.97	0.97	0.97	3.59	20.00	0.00
E-A549-Nt	NP_006139.1	LASP1	25	25	25.00	1	27|28|0	0.00	0.00	0.00	0.00	0.00	-61.22	0.91	0.50
E-A549-Nt	NP_006187.2	PCBP1	20	20	20.00	1	33|36|0	0.00	0.00	0.00	0.00	0.00	-96.23	0.58	0.54
E-A549-Nt	NP_001092090.1	PCBP2	7	7	7.00	1	15|20|0	0.00	0.00	0.00	0.00	0.00	-55.49	0.40	0.54
E-A549-Nt	NP_006258.3	RANBP2	22	22	22.00	1	101|69|0	0.00	0.00	0.00	0.00	0.00	-298.76	0.26	0.54
E-A549-Nt	NP_001137485.1	RGPD3	10	10	10.00	1	0|0|0	1.00	1.00	1.00	1.00	1.00	16.79	100.00	0.00
E-A549-Nt	NP_006274.2	TACC1	68	68	68.00	1	16|25|0	1.00	1.00	1.00	1.00	1.00	7.65	3.32	0.00
E-A549-Nt	NP_006280.3	TLN1	28	28	28.00	1	83|69|0	0.00	0.00	0.00	0.00	0.00	-246.45	0.37	0.54
E-A549-Nt	NP_006406.1	SPTLC1	23	23	23.00	1	0|0|0	1.00	1.00	1.00	1.00	1.00	36.20	230.00	0.00
E-A549-Nt	NP_006448.4	PDLIM5	5	5	5.00	1	20|21|0	0.00	0.00	0.00	0.00	0.00	-72.94	0.24	0.54
E-A549-Nt	NP_006588.1	HSPA8	130	130	130.00	1	61|72|29	0.00	0.00	0.00	0.00	0.00	-50.59	1.95	0.49
E-A549-Nt	NP_005336.3	HSPA1A	72	72	72.00	1	24|27|0	1.00	1.00	1.00	1.00	1.00	8.46	2.82	0.00
E-A549-Nt	NP_068814.2	HSPA2	46	46	46.00	1	24|29|0	0.00	0.00	0.00	0.00	0.00	-28.18	1.74	0.44
E-A549-Nt	NP_006612.2	AHCYL1	19	19	19.00	1	7|10|0	0.02	0.02	0.02	0.02	0.02	-3.72	2.24	0.13
E-A549-Nt	NP_006635.2	HSPH1	19	19	19.00	1	31|28|0	0.00	0.00	0.00	0.00	0.00	-78.73	0.64	0.54
E-A549-Nt	NP_006729.4	AKAP13	7	7	7.00	1	60|52|0	0.00	0.00	0.00	0.00	0.00	-220.05	0.12	0.54
E-A549-Nt	NP_006786.2	EHD1	8	8	8.00	1	19|20|0	0.00	0.00	0.00	0.00	0.00	-61.38	0.41	0.54
E-A549-Nt	NP_006819.2	ASCC3	57	57	57.00	1	85|75|0	0.00	0.00	0.00	0.00	0.00	-203.08	0.71	0.53
E-A549-Nt	NP_008878.3	SRP72	14	14	14.00	1	4|4|0	0.99	0.99	0.99	0.99	0.99	4.25	3.50	0.00
E-A549-Nt	NP_009057.1	VCP	21	21	21.00	1	14|15|0	0.00	0.00	0.00	0.00	0.00	-21.29	1.45	0.40
E-A549-Nt	NP_009178.3	SYNRG	99	99	99.00	1	102|101|0	0.00	0.00	0.00	0.00	0.00	-214.65	0.98	0.53
E-A549-Nt	NP_031373.2	AP4E1	39	39	39.00	1	32|21|0	0.00	0.00	0.00	0.00	0.00	-38.33	1.47	0.47
E-A549-Nt	NP_036365.1	RAB3GAP1	30	30	30.00	1	0|2|0	1.00	1.00	1.00	1.00	1.00	16.80	30.00	0.00
E-A549-Nt	NP_036546.2	RAB3GAP2	76	76	76.00	1	37|25|0	0.00	0.00	0.00	0.00	0.00	-12.87	2.45	0.32
E-A549-Nt	NP_037522.1	CEMIP2	68	68	68.00	1	6|8|0	1.00	1.00	1.00	1.00	1.00	57.46	9.71	0.00
E-A549-Nt	NP_038479.1	MYOF	170	170	170.00	1	45|28|0	1.00	1.00	1.00	1.00	1.00	18.93	4.66	0.00
E-A549-Nt	NP_054762.2	CHMP2B	5	5	5.00	1	4|8|0	0.00	0.00	0.00	0.00	0.00	-14.35	0.83	0.34
E-A549-Nt	NP_055045.2	SRP68	61	61	61.00	1	28|38|0	0.00	0.00	0.00	0.00	0.00	-31.42	1.85	0.45
E-A549-Nt	NP_055134.2	LEMD3	127	127	127.00	1	9|12|0	1.00	1.00	1.00	1.00	1.00	117.55	12.10	0.00
E-A549-Nt	NP_055240.2	INVS	24	24	24.00	1	15|12|0	0.00	0.00	0.00	0.00	0.00	-13.81	1.78	0.33
E-A549-Nt	NP_055293.1	CRCP	13	13	13.00	1	12|12|0	0.00	0.00	0.00	0.00	0.00	-23.94	1.08	0.41
E-A549-Nt	NP_055362.1	TMOD3	25	25	25.00	1	44|49|0	0.00	0.00	0.00	0.00	0.00	-133.52	0.54	0.54
E-A549-Nt	NP_055414.2	MAGED2	3	3	3.00	1	9|12|0	0.00	0.00	0.00	0.00	0.00	-36.16	0.29	0.54
E-A549-Nt	NP_055447.1	MICAL2	40	40	40.00	1	0|0|0	1.00	1.00	1.00	1.00	1.00	60.85	400.00	0.00
E-A549-Nt	NP_055535.2	SLK	25	25	25.00	1	34|29|0	0.00	0.00	0.00	0.00	0.00	-75.82	0.79	0.51
E-A549-Nt	NP_055832.3	USP33	11	11	11.00	1	0|0|0	1.00	1.00	1.00	1.00	1.00	18.33	110.00	0.00
E-A549-Nt	NP_055842.2	PDXDC1	64	64	64.00	1	10|11|0	1.00	1.00	1.00	1.00	1.00	41.10	6.10	0.00
E-A549-Nt	NP_055869.1	UHRF1BP1L	9	9	9.00	1	38|31|0	0.00	0.00	0.00	0.00	0.00	-121.29	0.26	0.54
E-A549-Nt	NP_055995.4	SYNE2	12	12	12.00	1	4|0|0	0.94	0.94	0.94	0.94	0.94	2.81	6.00	0.01
E-A549-Nt	NP_056098.1	DPY19L1	10	10	10.00	1	0|0|0	1.00	1.00	1.00	1.00	1.00	16.79	100.00	0.00
E-A549-Nt	NP_056107.1	ESYT1	124	124	124.00	1	12|11|0	1.00	1.00	1.00	1.00	1.00	109.51	10.78	0.00
E-A549-Nt	NP_056315.1	C2CD2	6	6	6.00	1	0|0|0	1.00	1.00	1.00	1.00	1.00	10.50	60.00	0.00
E-A549-Nt	NP_056345.3	GORASP2	23	23	23.00	1	0|0|0	1.00	1.00	1.00	1.00	1.00	36.20	230.00	0.00
E-A549-Nt	NP_056480.1	AAAS	39	39	39.00	1	0|0|0	1.00	1.00	1.00	1.00	1.00	59.41	390.00	0.00
E-A549-Nt	NP_057060.2	SNX7	3	3	3.00	1	5|6|0	0.00	0.00	0.00	0.00	0.00	-15.92	0.55	0.54
E-A549-Nt	NP_057190.2	SCFD1	40	40	40.00	1	7|6|0	1.00	1.00	1.00	1.00	1.00	25.85	6.15	0.00
E-A549-Nt	NP_057404.2	NUP98	57	57	57.00	1	41|32|0	0.00	0.00	0.00	0.00	0.00	-46.87	1.56	0.49
E-A549-Nt	NP_057457.1	WWOX	25	25	25.00	1	0|0|0	1.00	1.00	1.00	1.00	1.00	39.13	250.00	0.00
E-A549-Nt	NP_057540.1	TMEM9	3	3	3.00	1	0|0|0	1.00	1.00	1.00	1.00	1.00	5.44	30.00	0.00
E-A549-Nt	NP_060115.3	HAUS6	17	17	17.00	1	60|56|0	0.00	0.00	0.00	0.00	0.00	-199.03	0.29	0.54
E-A549-Nt	NP_060142.3	TRPM7	36	36	36.00	1	0|0|0	1.00	1.00	1.00	1.00	1.00	55.09	360.00	0.00
E-A549-Nt	NP_060210.2	ZDHHC7	6	6	6.00	1	0|0|0	1.00	1.00	1.00	1.00	1.00	10.50	60.00	0.00
E-A549-Nt	NP_060221.2	SMPD4	31	31	31.00	1	0|0|0	1.00	1.00	1.00	1.00	1.00	47.85	310.00	0.00
E-A549-Nt	NP_060360.3	VPS13B	30	30	30.00	1	0|0|0	1.00	1.00	1.00	1.00	1.00	46.40	300.00	0.00
E-A549-Nt	NP_060545.3	ANO10	14	14	14.00	1	0|0|0	1.00	1.00	1.00	1.00	1.00	22.87	140.00	0.00
E-A549-Nt	NP_060672.2	MACO1	14	14	14.00	1	0|0|0	1.00	1.00	1.00	1.00	1.00	22.87	140.00	0.00
E-A549-Nt	NP_060679.1	ARFGAP1	17	17	17.00	1	10|19|0	0.00	0.00	0.00	0.00	0.00	-26.61	1.17	0.43
E-A549-Nt	NP_060734.2	TYW1	36	36	36.00	1	0|0|0	1.00	1.00	1.00	1.00	1.00	55.09	360.00	0.00
E-A549-Nt	NP_060790.2	RNF121	11	11	11.00	1	4|4|0	0.66	0.66	0.66	0.66	0.66	0.65	2.75	0.02
E-A549-Nt	NP_061726.1	PCDHA12	7	7	7.00	1	0|0|0	1.00	1.00	1.00	1.00	1.00	12.10	70.00	0.00
E-A549-Nt	NP_061722.1	PCDHAC2	8	8	8.00	1	0|0|0	1.00	1.00	1.00	1.00	1.00	13.68	80.00	0.00
E-A549-Nt	NP_061733.1	PCDHA7	9	9	9.00	1	0|0|0	1.00	1.00	1.00	1.00	1.00	15.24	90.00	0.00
E-A549-Nt	NP_061731.1	PCDHA5	7	7	7.00	1	0|0|0	1.00	1.00	1.00	1.00	1.00	12.10	70.00	0.00
E-A549-Nt	NP_061748.1	PCDHGB5	10	10	10.00	1	0|0|0	1.00	1.00	1.00	1.00	1.00	16.79	100.00	0.00
E-A549-Nt	NP_061759.1	PCDHB2	10	10	10.00	1	0|0|0	1.00	1.00	1.00	1.00	1.00	16.79	100.00	0.00
E-A549-Nt	NP_003727.1	PCDHGB4	6	6	6.00	1	0|0|0	1.00	1.00	1.00	1.00	1.00	10.50	60.00	0.00
E-A549-Nt	NP_061901.2	ZDHHC13	3	3	3.00	1	0|0|0	1.00	1.00	1.00	1.00	1.00	5.44	30.00	0.00
E-A549-Nt	NP_061982.3	ALG1	13	13	13.00	1	0|0|0	1.00	1.00	1.00	1.00	1.00	21.36	130.00	0.00
E-A549-Nt	NP_064504.2	ZC3HAV1	103	103	103.00	1	45|43|0	0.00	0.00	0.00	0.00	0.00	-11.61	2.34	0.31
E-A549-Nt	NP_064695.3	AKR1B10	11	11	11.00	1	9|20|0	0.00	0.00	0.00	0.00	0.00	-35.37	0.76	0.46
E-A549-Nt	NP_065393.1	RTN4	70	70	70.00	1	23|23|0	1.00	1.00	1.00	1.00	1.00	13.69	3.04	0.00
E-A549-Nt	NP_065767.1	GRAMD1B	17	17	17.00	1	0|0|0	1.00	1.00	1.00	1.00	1.00	27.35	170.00	0.00
E-A549-Nt	NP_065911.3	STIM2	37	37	37.00	1	0|0|0	1.00	1.00	1.00	1.00	1.00	56.53	370.00	0.00
E-A549-Nt	NP_065956.1	RDH14	2	2	2.00	1	0|0|0	0.97	0.97	0.97	0.97	0.97	3.59	20.00	0.00
E-A549-Nt	NP_066299.2	MYL6	4	4	4.00	1	11|10|0	0.00	0.00	0.00	0.00	0.00	-33.77	0.38	0.54
E-A549-Nt	NP_067083.1	ZFYVE1	13	13	13.00	1	19|15|0	0.00	0.00	0.00	0.00	0.00	-41.90	0.76	0.48
E-A549-Nt	NP_068579.3	EXOC4	10	10	10.00	1	37|46|0	0.00	0.00	0.00	0.00	0.00	-148.21	0.24	0.54
E-A549-Nt	NP_068759.2	SMAP1	4	4	4.00	1	3|6|0	0.00	0.00	0.00	0.00	0.00	-10.57	0.89	0.29
E-A549-Nt	NP_068817.1	SEC24A	73	73	73.00	1	7|5|0	1.00	1.00	1.00	1.00	1.00	67.97	12.17	0.00
E-A549-Nt	NP_071413.1	GOLPH3	2	2	2.00	1	0|0|0	0.97	0.97	0.97	0.97	0.97	3.59	20.00	0.00
E-A549-Nt	NP_071903.2	LMBR1	14	14	14.00	1	0|0|0	1.00	1.00	1.00	1.00	1.00	22.87	140.00	0.00
E-A549-Nt	NP_073585.8	TNS3	21	21	21.00	1	76|73|0	0.00	0.00	0.00	0.00	0.00	-257.89	0.28	0.54
E-A549-Nt	NP_073613.2	OSBPL11	4	4	4.00	1	0|0|0	1.00	1.00	1.00	1.00	1.00	7.19	40.00	0.00
E-A549-Nt	NP_077274.3	MBOAT7	14	14	14.00	1	0|0|0	1.00	1.00	1.00	1.00	1.00	22.87	140.00	0.00
E-A549-Nt	NP_077305.2	EFHD2	20	20	20.00	1	21|22|0	0.00	0.00	0.00	0.00	0.00	-47.29	0.93	0.49
E-A549-Nt	NP_078862.4	OSBPL9	3	3	3.00	1	0|0|0	1.00	1.00	1.00	1.00	1.00	5.44	30.00	0.00
E-A549-Nt	NP_078880.2	RPAP3	9	9	9.00	1	35|47|0	0.00	0.00	0.00	0.00	0.00	-148.73	0.22	0.54
E-A549-Nt	NP_079123.3	TMC7	7	7	7.00	1	0|0|0	1.00	1.00	1.00	1.00	1.00	12.10	70.00	0.00
E-A549-Nt	NP_079457.2	SLC35F5	6	6	6.00	1	0|0|0	1.00	1.00	1.00	1.00	1.00	10.50	60.00	0.00
E-A549-Nt	NP_115524.3	SLC41A2	7	7	7.00	1	0|0|0	1.00	1.00	1.00	1.00	1.00	12.10	70.00	0.00
E-A549-Nt	NP_115584.1	ANTXR1	6	6	6.00	1	0|0|0	1.00	1.00	1.00	1.00	1.00	10.50	60.00	0.00
E-A549-Nt	NP_115971.2	USP32	9	9	9.00	1	0|0|0	1.00	1.00	1.00	1.00	1.00	15.24	90.00	0.00
E-A549-Nt	NP_663722.1	APBB1	30	30	30.00	1	9|10|0	1.00	1.00	1.00	1.00	1.00	6.77	3.16	0.00
E-A549-Nt	NP_689794.1	MOSPD2	22	22	22.00	1	0|0|0	1.00	1.00	1.00	1.00	1.00	34.73	220.00	0.00
E-A549-Nt	NP_700356.2	LRIG3	22	22	22.00	1	0|0|0	1.00	1.00	1.00	1.00	1.00	34.73	220.00	0.00
E-A549-Nt	NP_722523.1	SNX14	32	32	32.00	1	0|0|0	1.00	1.00	1.00	1.00	1.00	49.30	320.00	0.00
E-A549-Nt	NP_778250.2	TDRP	6	6	6.00	1	8|9|0	0.00	0.00	0.00	0.00	0.00	-21.99	0.71	0.40
E-A549-Nt	NP_821133.1	TUBB	9	9	9.00	1	18|25|0	0.00	0.00	0.00	0.00	0.00	-67.28	0.42	0.54
E-A549-Nt	NP_940932.2	MXRA7	4	4	4.00	1	0|0|0	1.00	1.00	1.00	1.00	1.00	7.18	40.00	0.00
E-A549-Nt	NP_942131.1	ACACA	1186	1186	1186.00	1	289|290|1840	0.00	0.00	0.00	0.00	0.00	-inf	1.11	0.54
E-A549-Nt	NP_001084.3	ACACB	282	282	282.00	1	55|41|427	0.00	0.00	0.00	0.00	0.00	-441.24	1.17	0.54
E-A549-Nt	NP_003833.4	TNFRSF10B	3	3	3.00	1	0|0|0	1.00	1.00	1.00	1.00	1.00	5.44	30.00	0.00
E-A549-Nt	NP_004027.2	ADCY3	2	2	2.00	1	0|0|0	0.97	0.97	0.97	0.97	0.97	3.59	20.00	0.00
E-A549-Nt	NP_004231.1	TRIP10	3	3	3.00	1	5|9|0	0.00	0.00	0.00	0.00	0.00	-21.83	0.43	0.54
E-A549-Nt	NP_004588.1	SNRPD2	3	3	3.00	1	10|14|0	0.00	0.00	0.00	0.00	0.00	-42.42	0.25	0.54
E-A549-Nt	NP_006428.2	PARP4	2	2	2.00	1	32|19|0	0.00	0.00	0.00	0.00	0.00	-103.62	0.08	0.54
E-A549-Nt	NP_055439.1	S100A6	4	4	4.00	1	3|6|4	0.00	0.00	0.00	0.00	0.00	-12.31	0.80	0.54
E-A549-Nt	NP_056456.1	TES	2	2	2.00	1	10|13|0	0.00	0.00	0.00	0.00	0.00	-43.10	0.17	0.54
E-A549-Nt	NP_060093.3	CNNM3	2	2	2.00	1	0|0|0	0.97	0.97	0.97	0.97	0.97	3.59	20.00	0.00
E-A549-Nt	NP_653229.1	TBC1D20	2	2	2.00	1	0|0|0	0.97	0.97	0.97	0.97	0.97	3.59	20.00	0.00
E-A549-Nt	NP_776171.1	TTC9C	3	3	3.00	1	0|3|0	0.26	0.26	0.26	0.26	0.26	-1.05	2.00	0.06
E-A549-Nt	NP_859064.2	UBXN2A	2	2	2.00	1	0|0|0	0.97	0.97	0.97	0.97	0.97	3.59	20.00	0.00
E-A549-Nt	NP_001005862.1	ERBB2	5	5	5.00	1	0|0|0	1.00	1.00	1.00	1.00	1.00	8.88	50.00	0.00
E-A549-Nt	NP_001018112.1	POLR2M	2	2	2.00	1	9|10|0	0.00	0.00	0.00	0.00	0.00	-34.58	0.21	0.54
E-A549-Nt	NP_001020108.1	MINK1	5	5	5.00	1	13|14|0	0.00	0.00	0.00	0.00	0.00	-43.74	0.37	0.54
E-A549-Nt	NP_001035807.1	H2AC19	3	3	3.00	1	3|4|0	0.00	0.00	0.00	0.00	0.00	-8.50	0.86	0.24
E-A549-Nt	NP_001157207.1	MYO19	2	2	2.00	1	9|6|0	0.00	0.00	0.00	0.00	0.00	-26.17	0.27	0.54
E-A549-Nt	NP_001188413.1	PIGO	4	4	4.00	1	0|0|0	1.00	1.00	1.00	1.00	1.00	7.18	40.00	0.00
E-A549-Nt	NP_000535.3	TAP2	2	2	2.00	1	0|0|0	0.97	0.97	0.97	0.97	0.97	3.59	20.00	0.00
E-A549-Nt	NP_000993.1	RPLP0	2	2	2.00	1	9|13|0	0.00	0.00	0.00	0.00	0.00	-40.92	0.18	0.54
E-A549-Nt	NP_001008405.1	BCAP29	2	2	2.00	1	0|0|0	0.97	0.97	0.97	0.97	0.97	3.59	20.00	0.00
E-A549-Nt	NP_001035863.1	CEP170	2	2	2.00	1	56|47|0	0.00	0.00	0.00	0.00	0.00	-219.34	0.04	0.54
E-A549-Nt	NP_001161750.1	WWTR1	3	3	3.00	1	9|11|0	0.00	0.00	0.00	0.00	0.00	-34.06	0.30	0.54
E-A549-Nt	NP_001240795.1	YME1L1	2	2	2.00	1	0|0|0	0.97	0.97	0.97	0.97	0.97	3.59	20.00	0.00
E-A549-Nt	NP_003932.3	WASL	3	3	3.00	1	18|19|0	0.00	0.00	0.00	0.00	0.00	-70.18	0.16	0.54
E-A549-Nt	NP_055569.1	PTDSS1	2	2	2.00	1	0|0|0	0.97	0.97	0.97	0.97	0.97	3.59	20.00	0.00
E-A549-Nt	NP_061138.3	VPS33B	2	2	2.00	1	0|0|0	0.97	0.97	0.97	0.97	0.97	3.59	20.00	0.00
E-A549-Nt	NP_001030312.2	SRA1	3	3	3.00	1	2|3|0	0.01	0.01	0.01	0.01	0.01	-4.95	1.20	0.16
E-A549-Nt	NP_001123617.1	YAP1	2	2	2.00	1	27|32|0	0.00	0.00	0.00	0.00	0.00	-121.73	0.07	0.54
E-A549-Nt	NP_002834.3	PTPRJ	5	5	5.00	1	0|0|0	1.00	1.00	1.00	1.00	1.00	8.86	50.00	0.00
E-A549-Nt	NP_000973.2	RPL21	2	2	2.00	1	0|0|0	0.97	0.97	0.97	0.97	0.97	3.61	20.00	0.00
E-A549-Nt	NP_056171.3	SCRIB	2	2	2.00	1	37|36|0	0.00	0.00	0.00	0.00	0.00	-152.70	0.05	0.54
E-A549-Nt	NP_000964.1	RPL8	4	4	4.00	1	0|0|0	1.00	1.00	1.00	1.00	1.00	7.19	40.00	0.00
E-A549-Nt	NP_001123917.1	ITPRID2	3	3	3.00	1	28|21|0	0.00	0.00	0.00	0.00	0.00	-96.19	0.12	0.54
E-A549-Nt	NP_001138732.1	NCOA4	3	3	3.00	1	3|2|0	0.01	0.01	0.01	0.01	0.01	-4.95	1.20	0.16
E-A549-Nt	NP_001230332.1	CLEC16A	3	3	3.00	1	0|0|0	1.00	1.00	1.00	1.00	1.00	5.44	30.00	0.00
E-A549-Nt	NP_001681.2	ATP6V1A	2	2	2.00	1	12|20|0	0.00	0.00	0.00	0.00	0.00	-62.27	0.12	0.54
E-A549-Nt	NP_065799.1	INTS2	2	2	2.00	1	0|0|0	0.97	0.97	0.97	0.97	0.97	3.59	20.00	0.00
E-A549-Nt	NP_067026.3	SRPRB	2	2	2.00	1	0|0|0	0.97	0.97	0.97	0.97	0.97	3.61	20.00	0.00
E-A549-Nt	NP_115599.2	PCNX3	3	3	3.00	1	0|0|0	1.00	1.00	1.00	1.00	1.00	5.44	30.00	0.00
E-A549-Nt	NP_001329.1	CXADR	2	2	2.00	1	0|0|0	0.97	0.97	0.97	0.97	0.97	3.59	20.00	0.00
E-A549-Nt	NP_001485.2	GDI2	2	2	2.00	1	0|2|0	0.30	0.30	0.30	0.30	0.30	-0.84	2.00	0.04
E-A549-Nt	NP_000205.1	JAG1	4	4	4.00	1	0|0|0	1.00	1.00	1.00	1.00	1.00	7.18	40.00	0.00
E-A549-Nt	NP_003464.1	STAM	3	3	3.00	1	7|11|0	0.00	0.00	0.00	0.00	0.00	-29.93	0.33	0.54
E-A549-Nt	NP_055098.1	SUCO	2	2	2.00	1	0|0|0	0.97	0.97	0.97	0.97	0.97	3.59	20.00	0.00
E-A549-Nt	NP_002559.2	PABPC1	2	2	2.00	1	19|18|0	0.00	0.00	0.00	0.00	0.00	-73.40	0.11	0.54
E-A549-Nt	NP_002794.1	PSMC2	3	3	3.00	1	6|11|0	0.00	0.00	0.00	0.00	0.00	-27.82	0.35	0.54
E-A549-Nt	NP_001032897.1	EIF3C	2	2	2.00	1	23|20|0	0.00	0.00	0.00	0.00	0.00	-86.53	0.09	0.54
E-A549-Nt	NP_001812.2	CHML	2	2	2.00	1	0|0|0	0.97	0.97	0.97	0.97	0.97	3.59	20.00	0.00
E-A549-Nt	NP_005689.2	SCAMP3	2	2	2.00	1	0|0|0	0.97	0.97	0.97	0.97	0.97	3.59	20.00	0.00
E-A549-Nt	NP_009330.1	STAT1	3	3	3.00	1	24|27|0	0.00	0.00	0.00	0.00	0.00	-100.55	0.12	0.54
E-A549-Nt	NP_057654.2	ERGIC2	3	3	3.00	1	0|0|0	1.00	1.00	1.00	1.00	1.00	5.44	30.00	0.00
E-A549-Nt	NP_071741.2	NCAPG	2	2	2.00	1	10|9|0	0.00	0.00	0.00	0.00	0.00	-34.58	0.21	0.54
E-A549-Nt	NP_055246.2	PALD1	2	2	2.00	1	0|0|0	0.97	0.97	0.97	0.97	0.97	3.59	20.00	0.00
E-A549-Nt	NP_006127.1	CAPZA2	2	2	2.00	1	0|5|0	0.00	0.00	0.00	0.00	0.00	-5.86	0.80	0.19
E-A549-Nt	NP_060582.1	TMEM38B	3	3	3.00	1	0|0|0	1.00	1.00	1.00	1.00	1.00	5.44	30.00	0.00
E-A549-Nt	NP_002017.1	FN1	2	2	2.00	1	0|0|0	0.97	0.97	0.97	0.97	0.97	3.60	20.00	0.00
E-A549-Nt	NP_002874.1	RANGAP1	2	2	2.00	1	11|9|0	0.00	0.00	0.00	0.00	0.00	-36.68	0.20	0.54
E-A549-Nt	NP_001224.1	CAV2	2	2	2.00	1	0|0|0	0.97	0.97	0.97	0.97	0.97	3.59	20.00	0.00
E-A549-Nt	NP_001033692.2	MARVELD2	3	3	3.00	1	0|0|0	1.00	1.00	1.00	1.00	1.00	5.44	30.00	0.00
E-A549-Nt	NP_001129966.1	C1orf198	2	2	2.00	1	6|13|0	0.00	0.00	0.00	0.00	0.00	-34.23	0.21	0.54
E-A549-Nt	NP_006699.2	GLO1	2	2	2.00	1	9|7|0	0.00	0.00	0.00	0.00	0.00	-28.23	0.25	0.54
E-A549-Nt	NP_003096.1	SORL1	5	5	5.00	1	0|0|0	1.00	1.00	1.00	1.00	1.00	8.86	50.00	0.00
E-A549-Nt	NP_004206.1	EBAG9	2	2	2.00	1	0|0|0	0.97	0.97	0.97	0.97	0.97	3.59	20.00	0.00
E-A549-Nt	NP_001026893.1	DNAJB14	3	3	3.00	1	0|0|0	1.00	1.00	1.00	1.00	1.00	5.44	30.00	0.00
E-A549-Nt	NP_733752.1	MLX	2	2	2.00	1	0|0|0	0.97	0.97	0.97	0.97	0.97	3.59	20.00	0.00
E-A549-Nt	NP_000201.2	ITGA6	2	2	2.00	1	0|0|0	0.97	0.97	0.97	0.97	0.97	3.59	20.00	0.00
E-A549-Nt	NP_005372.2	NCL	2	2	2.00	1	31|32|0	0.00	0.00	0.00	0.00	0.00	-130.57	0.06	0.54
E-A549-Nt	NP_056312.2	TMEM87A	2	2	2.00	1	0|0|0	0.97	0.97	0.97	0.97	0.97	3.59	20.00	0.00
E-A549-Nt	NP_036457.1	MAPRE1	2	2	2.00	1	3|4|0	0.00	0.00	0.00	0.00	0.00	-10.08	0.57	0.54
E-A549-Nt	NP_054764.2	LRP10	2	2	2.00	1	0|0|0	0.97	0.97	0.97	0.97	0.97	3.59	20.00	0.00
E-A549-Nt	NP_001014831.1	PAK4	2	2	2.00	1	9|10|0	0.00	0.00	0.00	0.00	0.00	-34.58	0.21	0.54
E-A549-Nt	NP_001002257.1	LCLAT1	4	4	4.00	1	0|0|0	1.00	1.00	1.00	1.00	1.00	7.18	40.00	0.00
E-A549-Nt	NP_001008844.1	DSP	3	3	3.00	1	8|8|0	0.00	0.00	0.00	0.00	0.00	-25.84	0.38	0.54
E-A549-Nt	NP_001406.1	EIF2S3	2	2	2.00	1	3|3|0	0.00	0.00	0.00	0.00	0.00	-8.16	0.67	0.54
E-A549-Nt	NP_003782.1	MBTPS1	2	2	2.00	1	0|0|0	0.97	0.97	0.97	0.97	0.97	3.59	20.00	0.00
E-A549-Nt	NP_005581.2	MRE11	2	2	2.00	1	19|20|0	0.00	0.00	0.00	0.00	0.00	-77.77	0.10	0.54
E-A549-Nt	NP_002214.2	ITPR2	10	10	10.00	1	0|0|0	1.00	1.00	1.00	1.00	1.00	16.79	100.00	0.00
E-A549-Nt	NP_055858.2	TBC1D9B	2	2	2.00	1	0|0|0	0.97	0.97	0.97	0.97	0.97	3.59	20.00	0.00
E-A549-Nt	NP_001137360.1	BSDC1	3	3	3.00	1	0|3|0	0.26	0.26	0.26	0.26	0.26	-1.06	2.00	0.06
E-A549-Nt	NP_001229831.1	AKAP1	2	2	2.00	1	5|3|0	0.00	0.00	0.00	0.00	0.00	-11.95	0.50	0.54
E-A549-Nt	NP_065090.1	PCNP	2	2	2.00	1	16|18|0	0.00	0.00	0.00	0.00	0.00	-66.86	0.12	0.54
E-A549-Nt	NP_689677.1	TMEM199	3	3	3.00	1	0|0|0	1.00	1.00	1.00	1.00	1.00	5.44	30.00	0.00
E-A549-Nt	NP_001159580.1	PALLD	2	2	2.00	1	32|26|0	0.00	0.00	0.00	0.00	0.00	-119.52	0.07	0.54
E-A549-Nt	NP_001116314.1	NCOA7	3	3	3.00	1	18|17|0	0.00	0.00	0.00	0.00	0.00	-65.87	0.17	0.54
E-A549-Nt	NP_003196.1	TCF12	2	2	2.00	1	20|22|0	0.00	0.00	0.00	0.00	0.00	-84.33	0.10	0.54
E-A549-Nt	NP_001243779.1	TTN	3	3	3.00	1	0|0|0	1.00	1.00	1.00	1.00	1.00	5.44	30.00	0.00
E-A549-Nt	NP_060191.3	CC2D1A	2	2	2.00	1	8|5|0	0.00	0.00	0.00	0.00	0.00	-22.02	0.31	0.54
E-A549-Nt	NP_001107875.1	UPK3BL1	2	2	2.00	1	0|0|0	0.97	0.97	0.97	0.97	0.97	3.59	20.00	0.00
E-A549-Nt	NP_004757.1	COPB2	2	2	2.00	1	0|0|0	0.97	0.97	0.97	0.97	0.97	3.59	20.00	0.00
E-A549-Nt	NP_001120925.1	GSDME	2	2	2.00	1	12|11|0	0.00	0.00	0.00	0.00	0.00	-43.10	0.17	0.54
E-A549-Nt	NP_002323.2	LRP1	3	3	3.00	1	0|0|0	1.00	1.00	1.00	1.00	1.00	5.44	30.00	0.00
E-A549-Nt	NP_001239007.1	USP15	3	3	3.00	1	18|16|0	0.00	0.00	0.00	0.00	0.00	-63.71	0.18	0.54
E-A549-Nt	NP_001138516.1	SLCO3A1	2	2	2.00	1	0|0|0	0.97	0.97	0.97	0.97	0.97	3.59	20.00	0.00
E-A549-Nt	NP_005021.2	PLK1	2	2	2.00	1	5|5|0	0.00	0.00	0.00	0.00	0.00	-15.90	0.40	0.54
