Bait	Prey	PreyGene	Spec	SpecSum	AvgSpec	NumReplicates	ctrlCounts	AvgP	MaxP	TopoAvgP	TopoMaxP	SaintScore	logOddsScore	FoldChange	BFDR
ORF3A-A549-Nt	BirA_R118G_H0QFJ5	BirA_R118G_H0QFJ5	55|57	112	56.00	2	13|9|861|877	0.00	0.00	0.00	0.00	0.00	-inf	0.06	0.55
ORF3A-A549-Nt	P50402	EMD	19|22	41	20.50	2	0|0|6|7	0.97	1.00	0.97	1.00	0.97	2.72	3.15	0.00
ORF3A-A549-Nt	P07099	EPHX1	2|14	16	8.00	2	0|0|0|0	0.99	1.00	0.99	1.00	0.99	3.54	80.00	0.00
ORF3A-A549-Nt	O15118	NPC1	3|4	7	3.50	2	0|0|0|0	1.00	1.00	1.00	1.00	1.00	5.33	35.00	0.00
ORF3A-A549-Nt	Q92887	ABCC2	3|18	21	10.50	2	0|0|0|0	1.00	1.00	1.00	1.00	1.00	5.39	105.00	0.00
ORF3A-A549-Nt	P11413	G6PD	39|51	90	45.00	2	2|0|148|145	0.00	0.00	0.00	0.00	0.00	-513.58	0.31	0.55
ORF3A-A549-Nt	P50747	HLCS	4|10	14	7.00	2	7|6|3|0	0.00	0.00	0.00	0.00	0.00	-18.03	1.08	0.32
ORF3A-A549-Nt	P23526	AHCY	2|10	12	6.00	2	3|0|30|32	0.00	0.00	0.00	0.00	0.00	-128.46	0.19	0.55
ORF3A-A549-Nt	P04083	ANXA1	24|32	56	28.00	2	0|0|84|78	0.00	0.00	0.00	0.00	0.00	-277.44	0.35	0.55
ORF3A-A549-Nt	P07237	P4HB	7|16	23	11.50	2	0|0|0|0	1.00	1.00	1.00	1.00	1.00	12.48	115.00	0.00
ORF3A-A549-Nt	P11498	PC	920|582	1502	751.00	2	926|506|838|792	0.00	0.00	0.00	0.00	0.00	-inf	0.85	0.55
ORF3A-A549-Nt	P16435	POR	8|16	24	12.00	2	0|0|0|0	1.00	1.00	1.00	1.00	1.00	13.63	120.00	0.00
ORF3A-A549-Nt	P46777	RPL5	11|13	24	12.00	2	3|0|21|23	0.00	0.00	0.00	0.00	0.00	-64.36	0.55	0.50
ORF3A-A549-Nt	Q02878	RPL6	11|15	26	13.00	2	4|0|16|15	0.00	0.00	0.00	0.00	0.00	-39.32	0.84	0.45
ORF3A-A549-Nt	P26373	RPL13	3|4	7	3.50	2	2|0|0|0	0.66	0.76	0.64	0.74	0.66	0.19	3.50	0.01
ORF3A-A549-Nt	P35268	RPL22	2|0	2	1.00	2	2|0|0|0	0.15	0.30	0.17	0.35	0.17	-3.52	1.00	0.20
ORF3A-A549-Nt	P61254	RPL26	3|6	9	4.50	2	3|0|2|0	0.15	0.30	0.17	0.32	0.17	-4.84	1.80	0.20
ORF3A-A549-Nt	P61353	RPL27	2|4	6	3.00	2	0|0|3|2	0.02	0.03	0.02	0.03	0.02	-6.32	1.20	0.24
ORF3A-A549-Nt	P46776	RPL27A	2|0	2	1.00	2	2|0|2|0	0.00	0.01	0.01	0.01	0.01	-8.01	0.50	0.26
ORF3A-A549-Nt	P49207	RPL34	2|3	5	2.50	2	5|0|3|0	0.00	0.00	0.00	0.00	0.00	-11.89	0.62	0.33
ORF3A-A549-Nt	P62753	RPS6	3|4	7	3.50	2	2|0|0|0	0.66	0.76	0.68	0.77	0.68	0.38	3.50	0.01
ORF3A-A549-Nt	Q9NXW2	DNAJB12	5|5	10	5.00	2	0|0|0|0	1.00	1.00	1.00	1.00	1.00	8.78	50.00	0.00
ORF3A-A549-Nt	P07355	ANXA2	25|32	57	28.50	2	7|0|89|75	0.00	0.00	0.00	0.00	0.00	-279.02	0.35	0.55
ORF3A-A549-Nt	P62241	RPS8	10|11	21	10.50	2	7|2|8|7	0.00	0.00	0.00	0.00	0.00	-12.31	1.40	0.34
ORF3A-A549-Nt	Q6PUV4	CPLX2	8|11	19	9.50	2	0|0|13|14	0.00	0.00	0.00	0.00	0.00	-37.58	0.70	0.45
ORF3A-A549-Nt	Q8N5K1	CISD2	12|21	33	16.50	2	0|0|4|3	0.98	1.00	0.98	1.00	0.98	3.33	4.71	0.00
ORF3A-A549-Nt	Q15011	HERPUD1	4|4	8	4.00	2	0|0|0|0	1.00	1.00	1.00	1.00	1.00	7.07	40.00	0.00
ORF3A-A549-Nt	P08195	SLC3A2	4|15	19	9.50	2	0|0|14|17	0.00	0.00	0.00	0.00	0.00	-54.50	0.61	0.45
ORF3A-A549-Nt	Q5D862	FLG2	4|4	8	4.00	2	5|0|0|0	0.06	0.06	0.05	0.05	0.06	-2.95	1.60	0.22
ORF3A-A549-Nt	P62266	RPS23	4|0	4	2.00	2	0|0|2|2	0.07	0.14	0.08	0.16	0.08	-8.03	1.00	0.22
ORF3A-A549-Nt	Q96S97	MYADM	2|4	6	3.00	2	0|0|0|0	0.99	1.00	0.98	1.00	0.99	3.49	30.00	0.00
ORF3A-A549-Nt	Q9Y263	PLAA	2|14	16	8.00	2	0|0|40|32	0.00	0.00	0.00	0.00	0.00	-150.54	0.22	0.55
ORF3A-A549-Nt	P62987	UBA52	13|0	13	6.50	2	0|0|15|10	0.00	0.00	0.00	0.00	0.00	-54.31	0.52	0.43
ORF3A-A549-Nt	P62805	H4C1	6|3	9	4.50	2	8|4|6|4	0.00	0.00	0.00	0.00	0.00	-21.91	0.64	0.39
ORF3A-A549-Nt	P50914	RPL14	3|6	9	4.50	2	0|0|2|2	0.36	0.68	0.38	0.71	0.38	-3.06	2.25	0.18
ORF3A-A549-Nt	O95487	SEC24B	2|15	17	8.50	2	0|0|6|7	0.04	0.09	0.04	0.08	0.04	-22.08	1.31	0.22
ORF3A-A549-Nt	P29401	TKT	15|29	44	22.00	2	9|0|47|48	0.00	0.00	0.00	0.00	0.00	-160.07	0.46	0.53
ORF3A-A549-Nt	Q6NUQ4	TMEM214	3|8	11	5.50	2	0|0|0|0	1.00	1.00	1.00	1.00	1.00	5.41	55.00	0.00
ORF3A-A549-Nt	P53396	ACLY	7|21	28	14.00	2	0|0|38|33	0.00	0.00	0.00	0.00	0.00	-131.29	0.39	0.52
ORF3A-A549-Nt	P53621	COPA	5|24	29	14.50	2	0|0|8|8	0.49	0.98	0.49	0.98	0.49	-21.85	1.81	0.11
ORF3A-A549-Nt	A0MZ66	SHTN1	5|4	9	4.50	2	0|0|51|56	0.00	0.00	0.00	0.00	0.00	-220.07	0.08	0.55
ORF3A-A549-Nt	Q9Y6I9	TEX264	8|19	27	13.50	2	0|0|0|0	1.00	1.00	1.00	1.00	1.00	13.63	135.00	0.00
ORF3A-A549-Nt	Q96C24	SYTL4	16|39	55	27.50	2	0|0|49|48	0.00	0.00	0.00	0.00	0.00	-161.94	0.57	0.52
ORF3A-A549-Nt	P31641	SLC6A6	2|0	2	1.00	2	0|0|0|0	0.49	0.97	0.49	0.97	0.49	-1.05	10.00	0.11
ORF3A-A549-Nt	P52594	AGFG1	8|12	20	10.00	2	0|0|107|109	0.00	0.00	0.00	0.00	0.00	-445.23	0.09	0.55
ORF3A-A549-Nt	P04844	RPN2	5|10	15	7.50	2	0|0|4|3	0.37	0.73	0.37	0.74	0.37	-5.55	2.14	0.18
ORF3A-A549-Nt	Q9UM82	SPATA2	5|11	16	8.00	2	0|0|38|37	0.00	0.00	0.00	0.00	0.00	-146.24	0.21	0.55
ORF3A-A549-Nt	Q9P258	RCC2	3|5	8	4.00	2	0|0|0|0	1.00	1.00	1.00	1.00	1.00	5.39	40.00	0.00
ORF3A-A549-Nt	P51572	BCAP31	11|15	26	13.00	2	0|0|5|6	0.36	0.71	0.36	0.71	0.36	-4.25	2.36	0.18
ORF3A-A549-Nt	Q8N0X7	SPART	3|6	9	4.50	2	0|0|53|44	0.00	0.00	0.00	0.00	0.00	-201.75	0.09	0.55
ORF3A-A549-Nt	Q13501	SQSTM1	4|11	15	7.50	2	0|0|21|22	0.00	0.00	0.00	0.00	0.00	-80.11	0.35	0.50
ORF3A-A549-Nt	Q86SJ2	AMIGO2	2|4	6	3.00	2	0|0|0|0	0.99	1.00	0.98	1.00	0.99	3.49	30.00	0.00
ORF3A-A549-Nt	Q9Y320	TMX2	4|8	12	6.00	2	0|0|0|0	1.00	1.00	1.00	1.00	1.00	7.16	60.00	0.00
ORF3A-A549-Nt	P61011	SRP54	13|26	39	19.50	2	0|0|44|48	0.00	0.00	0.00	0.00	0.00	-159.20	0.42	0.53
ORF3A-A549-Nt	Q9Y2U8	LEMD3	7|19	26	13.00	2	0|0|7|13	0.00	0.00	0.00	0.00	0.00	-25.78	1.30	0.32
ORF3A-A549-Nt	Q9BTX1	NDC1	9|16	25	12.50	2	0|0|2|0	0.99	1.00	0.99	1.00	0.99	4.35	12.50	0.00
ORF3A-A549-Nt	Q9BSJ8	ESYT1	23|34	57	28.50	2	0|0|15|13	0.04	0.08	0.04	0.07	0.04	-16.97	2.04	0.23
ORF3A-A549-Nt	Q99460	PSMD1	10|14	24	12.00	2	0|0|8|8	0.00	0.00	0.00	0.00	0.00	-14.05	1.50	0.32
ORF3A-A549-Nt	P21291	CSRP1	4|3	7	3.50	2	0|0|8|10	0.00	0.00	0.00	0.00	0.00	-30.03	0.39	0.55
ORF3A-A549-Nt	P04920	SLC4A2	6|16	22	11.00	2	0|0|0|0	1.00	1.00	1.00	1.00	1.00	10.39	110.00	0.00
ORF3A-A549-Nt	Q16666	IFI16	9|15	24	12.00	2	0|0|51|51	0.00	0.00	0.00	0.00	0.00	-191.87	0.24	0.55
ORF3A-A549-Nt	Q01813	PFKP	2|15	17	8.50	2	0|0|8|8	0.00	0.00	0.00	0.00	0.00	-28.34	1.06	0.30
ORF3A-A549-Nt	P10599	TXN	14|17	31	15.50	2	2|3|136|48	0.00	0.00	0.00	0.00	0.00	-351.61	0.17	0.55
ORF3A-A549-Nt	Q53EU6	GPAT3	4|6	10	5.00	2	0|0|0|0	1.00	1.00	1.00	1.00	1.00	7.07	50.00	0.00
ORF3A-A549-Nt	Q9UNQ0	ABCG2	2|4	6	3.00	2	0|0|0|0	0.99	1.00	0.98	1.00	0.99	3.49	30.00	0.00
ORF3A-A549-Nt	P10620	MGST1	2|4	6	3.00	2	0|0|3|0	0.29	0.49	0.27	0.46	0.29	-2.48	2.00	0.18
ORF3A-A549-Nt	P40429	RPL13A	4|4	8	4.00	2	3|0|3|0	0.01	0.01	0.01	0.01	0.01	-5.22	1.33	0.26
ORF3A-A549-Nt	O96005	CLPTM1	9|18	27	13.50	2	0|0|0|0	1.00	1.00	1.00	1.00	1.00	15.14	135.00	0.00
ORF3A-A549-Nt	P50238	CRIP1	3|2	5	2.50	2	0|0|6|9	0.00	0.00	0.00	0.00	0.00	-26.22	0.33	0.55
ORF3A-A549-Nt	Q08211	DHX9	3|13	16	8.00	2	0|0|20|21	0.00	0.00	0.00	0.00	0.00	-78.68	0.39	0.49
ORF3A-A549-Nt	P23588	EIF4B	4|6	10	5.00	2	0|0|89|97	0.00	0.00	0.00	0.00	0.00	-395.30	0.05	0.55
ORF3A-A549-Nt	P78318	IGBP1	2|6	8	4.00	2	0|0|36|40	0.00	0.00	0.00	0.00	0.00	-159.37	0.11	0.55
ORF3A-A549-Nt	Q02413	DSG1	6|4	10	5.00	2	7|3|0|0	0.00	0.00	0.00	0.00	0.00	-12.26	1.00	0.32
ORF3A-A549-Nt	Q14739	LBR	19|23	42	21.00	2	0|0|18|15	0.00	0.00	0.00	0.00	0.00	-31.22	1.27	0.43
ORF3A-A549-Nt	Q00325	SLC25A3	10|16	26	13.00	2	3|2|7|8	0.01	0.01	0.01	0.02	0.01	-12.06	1.73	0.25
ORF3A-A549-Nt	P17980	PSMC3	18|28	46	23.00	2	0|0|11|14	0.00	0.01	0.00	0.01	0.00	-18.41	1.84	0.27
ORF3A-A549-Nt	P18031	PTPN1	7|12	19	9.50	2	0|0|0|0	1.00	1.00	1.00	1.00	1.00	12.10	95.00	0.00
ORF3A-A549-Nt	Q16658	FSCN1	4|8	12	6.00	2	0|0|0|0	1.00	1.00	1.00	1.00	1.00	7.07	60.00	0.00
ORF3A-A549-Nt	P40763	STAT3	5|12	17	8.50	2	0|0|94|78	0.00	0.00	0.00	0.00	0.00	-359.73	0.10	0.55
ORF3A-A549-Nt	Q13586	STIM1	58|75	133	66.50	2	0|0|42|46	0.00	0.00	0.00	0.00	0.00	-71.73	1.51	0.48
ORF3A-A549-Nt	P78536	ADAM17	6|12	18	9.00	2	0|0|0|0	1.00	1.00	1.00	1.00	1.00	10.45	90.00	0.00
ORF3A-A549-Nt	P14625	HSP90B1	10|21	31	15.50	2	0|0|0|0	1.00	1.00	1.00	1.00	1.00	16.93	155.00	0.00
ORF3A-A549-Nt	O95210	STBD1	6|15	21	10.50	2	0|0|0|0	1.00	1.00	1.00	1.00	1.00	10.39	105.00	0.00
ORF3A-A549-Nt	P49327	FASN	26|55	81	40.50	2	0|0|134|124	0.00	0.00	0.00	0.00	0.00	-475.97	0.31	0.55
ORF3A-A549-Nt	O95864	FADS2	11|14	25	12.50	2	0|0|3|2	1.00	1.00	1.00	1.00	1.00	4.97	5.00	0.00
ORF3A-A549-Nt	Q07960	ARHGAP1	4|8	12	6.00	2	0|0|7|5	0.00	0.00	0.00	0.00	0.00	-16.08	1.00	0.33
ORF3A-A549-Nt	O95573	ACSL3	5|18	23	11.50	2	0|0|0|0	1.00	1.00	1.00	1.00	1.00	8.75	115.00	0.00
ORF3A-A549-Nt	Q00839	HNRNPU	10|17	27	13.50	2	11|0|21|25	0.00	0.00	0.00	0.00	0.00	-70.73	0.59	0.49
ORF3A-A549-Nt	Q12772	SREBF2	9|27	36	18.00	2	0|0|0|0	1.00	1.00	1.00	1.00	1.00	15.30	180.00	0.00
ORF3A-A549-Nt	O75911	DHRS3	6|10	16	8.00	2	0|0|0|0	1.00	1.00	1.00	1.00	1.00	10.39	80.00	0.00
ORF3A-A549-Nt	O43396	TXNL1	17|23	40	20.00	2	0|0|0|0	1.00	1.00	1.00	1.00	1.00	27.27	200.00	0.00
ORF3A-A549-Nt	O75396	SEC22B	19|21	40	20.00	2	0|0|5|5	1.00	1.00	1.00	1.00	1.00	7.09	4.00	0.00
ORF3A-A549-Nt	P33527	ABCC1	25|38	63	31.50	2	0|0|0|0	1.00	1.00	1.00	1.00	1.00	39.24	315.00	0.00
ORF3A-A549-Nt	O00767	SCD	6|7	13	6.50	2	0|0|0|0	1.00	1.00	1.00	1.00	1.00	10.47	65.00	0.00
ORF3A-A549-Nt	Q15382	RHEB	3|5	8	4.00	2	0|0|12|11	0.00	0.00	0.00	0.00	0.00	-40.39	0.35	0.55
ORF3A-A549-Nt	O00124	UBXN8	2|4	6	3.00	2	0|0|0|0	0.99	1.00	0.99	1.00	0.99	3.54	30.00	0.00
ORF3A-A549-Nt	O15155	BET1	2|3	5	2.50	2	0|0|0|0	0.98	1.00	0.98	1.00	0.98	3.51	25.00	0.00
ORF3A-A549-Nt	P46821	MAP1B	37|81	118	59.00	2	0|0|417|397	0.00	0.00	0.00	0.00	0.00	-inf	0.14	0.55
ORF3A-A549-Nt	P63244	RACK1	7|14	21	10.50	2	17|2|9|6	0.00	0.00	0.00	0.00	0.00	-36.99	0.81	0.43
ORF3A-A549-Nt	P62826	RAN	14|12	26	13.00	2	7|3|17|16	0.00	0.00	0.00	0.00	0.00	-41.76	0.79	0.47
ORF3A-A549-Nt	O75915	ARL6IP5	2|4	6	3.00	2	0|0|0|0	0.99	1.00	0.98	1.00	0.99	3.49	30.00	0.00
ORF3A-A549-Nt	P11166	SLC2A1	3|5	8	4.00	2	0|0|0|0	1.00	1.00	1.00	1.00	1.00	5.41	40.00	0.00
ORF3A-A549-Nt	P50990	CCT8	23|33	56	28.00	2	0|0|290|266	0.00	0.00	0.00	0.00	0.00	-inf	0.10	0.55
ORF3A-A549-Nt	Q07065	CKAP4	5|21	26	13.00	2	0|0|0|0	1.00	1.00	1.00	1.00	1.00	8.81	130.00	0.00
ORF3A-A549-Nt	Q8N3C0	ASCC3	5|17	22	11.00	2	0|0|188|167	0.00	0.00	0.00	0.00	0.00	-inf	0.06	0.55
ORF3A-A549-Nt	P55072	VCP	3|13	16	8.00	2	0|0|23|20	0.00	0.00	0.00	0.00	0.00	-82.34	0.37	0.49
ORF3A-A549-Nt	O95372	LYPLA2	5|5	10	5.00	2	0|0|31|39	0.00	0.00	0.00	0.00	0.00	-135.36	0.14	0.55
ORF3A-A549-Nt	Q9H2M9	RAB3GAP2	7|16	23	11.50	2	0|0|41|43	0.00	0.00	0.00	0.00	0.00	-159.25	0.27	0.55
ORF3A-A549-Nt	O60427	FADS1	2|6	8	4.00	2	0|0|0|0	0.99	1.00	0.99	1.00	0.99	3.49	40.00	0.00
ORF3A-A549-Nt	Q9NZM1	MYOF	48|93	141	70.50	2	0|0|48|30	0.00	0.00	0.00	0.00	0.00	-68.45	1.81	0.42
ORF3A-A549-Nt	Q9ULV4	CORO1C	3|7	10	5.00	2	0|0|31|32	0.00	0.00	0.00	0.00	0.00	-126.89	0.16	0.55
ORF3A-A549-Nt	Q9NYL9	TMOD3	2|11	13	6.50	2	0|0|43|48	0.00	0.00	0.00	0.00	0.00	-192.71	0.14	0.55
ORF3A-A549-Nt	Q92575	UBXN4	6|7	13	6.50	2	0|0|0|0	1.00	1.00	1.00	1.00	1.00	10.39	65.00	0.00
ORF3A-A549-Nt	Q15005	SPCS2	4|6	10	5.00	2	0|0|0|0	1.00	1.00	1.00	1.00	1.00	7.10	50.00	0.00
ORF3A-A549-Nt	O15027	SEC16A	28|47	75	37.50	2	0|0|51|52	0.00	0.00	0.00	0.00	0.00	-147.28	0.73	0.52
ORF3A-A549-Nt	Q86XL3	ANKLE2	28|53	81	40.50	2	0|0|18|18	0.50	1.00	0.50	1.00	0.50	-23.81	2.25	0.05
ORF3A-A549-Nt	Q96JC1	VPS39	14|31	45	22.50	2	0|0|0|0	1.00	1.00	1.00	1.00	1.00	22.76	225.00	0.00
ORF3A-A549-Nt	Q9Y2G8	DNAJC16	6|13	19	9.50	2	0|0|0|0	1.00	1.00	1.00	1.00	1.00	10.42	95.00	0.00
ORF3A-A549-Nt	Q92545	TMEM131	3|11	14	7.00	2	0|0|0|0	1.00	1.00	1.00	1.00	1.00	5.33	70.00	0.00
ORF3A-A549-Nt	Q9Y385	UBE2J1	4|7	11	5.50	2	0|0|0|0	1.00	1.00	1.00	1.00	1.00	7.18	55.00	0.00
ORF3A-A549-Nt	Q9Y394	DHRS7	3|9	12	6.00	2	0|0|0|0	1.00	1.00	1.00	1.00	1.00	5.36	60.00	0.00
ORF3A-A549-Nt	Q9P035	HACD3	7|9	16	8.00	2	0|0|5|5	0.00	0.01	0.00	0.01	0.00	-7.84	1.60	0.26
ORF3A-A549-Nt	Q9HBM0	VEZT	10|21	31	15.50	2	0|0|6|0	0.84	0.97	0.82	0.97	0.84	0.72	5.17	0.01
ORF3A-A549-Nt	Q5VV42	CDKAL1	10|17	27	13.50	2	0|0|0|0	1.00	1.00	1.00	1.00	1.00	16.69	135.00	0.00
ORF3A-A549-Nt	Q9BRR8	GPATCH1	4|11	15	7.50	2	0|0|76|85	0.00	0.00	0.00	0.00	0.00	-339.68	0.09	0.55
ORF3A-A549-Nt	Q9NSE4	IARS2	5|12	17	8.50	2	0|0|14|13	0.00	0.00	0.00	0.00	0.00	-43.79	0.63	0.45
ORF3A-A549-Nt	Q9H089	LSG1	8|18	26	13.00	2	0|0|6|8	0.23	0.47	0.23	0.46	0.23	-13.57	1.86	0.19
ORF3A-A549-Nt	Q9NZ43	USE1	4|6	10	5.00	2	0|0|3|0	0.65	0.80	0.63	0.79	0.65	-0.09	3.33	0.01
ORF3A-A549-Nt	Q9BXB1	LGR4	5|8	13	6.50	2	0|0|0|0	1.00	1.00	1.00	1.00	1.00	9.16	65.00	0.00
ORF3A-A549-Nt	Q96AG4	LRRC59	6|12	18	9.00	2	0|0|3|3	0.53	0.99	0.53	0.99	0.53	-2.62	3.00	0.02
ORF3A-A549-Nt	Q9NPA0	EMC7	7|11	18	9.00	2	0|0|0|0	1.00	1.00	1.00	1.00	1.00	12.00	90.00	0.00
ORF3A-A549-Nt	Q96RQ3	MCCC1	251|211	462	231.00	2	245|170|159|146	0.00	0.00	0.00	0.00	0.00	-424.70	1.11	0.55
ORF3A-A549-Nt	Q96A33	CCDC47	13|21	34	17.00	2	0|0|0|0	1.00	1.00	1.00	1.00	1.00	21.37	170.00	0.00
ORF3A-A549-Nt	Q96KC8	DNAJC1	4|8	12	6.00	2	0|0|0|0	1.00	1.00	1.00	1.00	1.00	7.13	60.00	0.00
ORF3A-A549-Nt	Q96A49	SYAP1	9|12	21	10.50	2	0|0|23|23	0.00	0.00	0.00	0.00	0.00	-73.47	0.46	0.50
ORF3A-A549-Nt	Q5SWA1	PPP1R15B	34|39	73	36.50	2	0|0|28|21	0.00	0.00	0.00	0.00	0.00	-37.90	1.49	0.45
ORF3A-A549-Nt	Q96SK2	TMEM209	3|6	9	4.50	2	0|0|0|0	1.00	1.00	1.00	1.00	1.00	5.33	45.00	0.00
ORF3A-A549-Nt	O15260	SURF4	5|7	12	6.00	2	0|0|6|5	0.00	0.00	0.00	0.00	0.00	-12.56	1.09	0.33
ORF3A-A549-Nt	Q96P63	SERPINB12	3|2	5	2.50	2	0|0|0|0	0.98	1.00	0.98	1.00	0.98	3.49	25.00	0.00
ORF3A-A549-Nt	Q8IVF2	AHNAK2	147|249	396	198.00	2	0|0|680|677	0.00	0.00	0.00	0.00	0.00	-inf	0.29	0.55
ORF3A-A549-Nt	Q9NZ01	TECR	2|0	2	1.00	2	0|0|2|0	0.15	0.30	0.15	0.31	0.15	-3.71	1.00	0.20
ORF3A-A549-Nt	Q9H910	JPT2	3|5	8	4.00	2	0|0|50|55	0.00	0.00	0.00	0.00	0.00	-219.63	0.08	0.55
ORF3A-A549-Nt	Q86UE4	MTDH	17|25	42	21.00	2	0|0|17|12	0.00	0.00	0.00	0.00	0.00	-27.08	1.45	0.38
ORF3A-A549-Nt	Q8TCJ2	STT3B	5|8	13	6.50	2	0|0|0|0	1.00	1.00	1.00	1.00	1.00	8.89	65.00	0.00
ORF3A-A549-Nt	Q9Y679	AUP1	22|32	54	27.00	2	0|0|0|4	1.00	1.00	1.00	1.00	1.00	5.55	13.50	0.00
ORF3A-A549-Nt	Q6ZXV5	TMTC3	7|13	20	10.00	2	0|0|0|0	1.00	1.00	1.00	1.00	1.00	12.00	100.00	0.00
ORF3A-A549-Nt	Q3MJ13	WDR72	7|15	22	11.00	2	0|0|0|0	1.00	1.00	1.00	1.00	1.00	12.00	110.00	0.00
ORF3A-A549-Nt	Q14697	GANAB	3|16	19	9.50	2	0|0|0|0	1.00	1.00	1.00	1.00	1.00	5.39	95.00	0.00
ORF3A-A549-Nt	P02662	CAS1_BOVIN	3|6	9	4.50	2	2|0|0|0	0.75	0.92	0.73	0.91	0.75	0.16	4.50	0.01
ORF3A-A549-Nt	P02769	ALBU_BOVIN	3|2	5	2.50	2	3|0|0|0	0.17	0.26	0.16	0.24	0.17	-2.48	1.67	0.19
ORF3A-A549-Nt	Streptavidin	Streptavidin	373|158	531	265.50	2	369|111|520|557	0.00	0.00	0.00	0.00	0.00	-inf	0.49	0.55
ORF3A-A549-Nt	TurboID	TurboID	78|83	161	80.50	2	0|10|1408|1374	0.00	0.00	0.00	0.00	0.00	-inf	0.06	0.55
ORF3A-A549-Nt	P0DTC3	ORF3a	11|13	24	12.00	2	0|0|0|0	1.00	1.00	1.00	1.00	1.00	18.22	120.00	0.00
ORF3A-A549-Nt	P0DTD1	orf1ab	5|3	8	4.00	2	0|0|0|0	1.00	1.00	1.00	1.00	1.00	5.33	40.00	0.00
ORF3A-A549-Nt	P00698	LYSC_CHICK	4|4	8	4.00	2	5|4|0|0	0.00	0.00	0.00	0.00	0.00	-10.68	0.89	0.33
ORF3A-A549-Nt	P35527	KRT9	107|82	189	94.50	2	94|59|20|91	0.00	0.00	0.00	0.00	0.00	-208.18	1.02	0.54
ORF3A-A549-Nt	P13645	KRT10	103|116	219	109.50	2	87|76|70|43	0.00	0.00	0.00	0.00	0.00	-138.90	1.34	0.53
ORF3A-A549-Nt	P02533	KRT14	51|63	114	57.00	2	58|43|8|13	0.00	0.00	0.00	0.00	0.00	-104.27	1.13	0.51
ORF3A-A549-Nt	P05783	KRT18	14|27	41	20.50	2	8|0|189|169	0.00	0.00	0.00	0.00	0.00	-inf	0.11	0.55
ORF3A-A549-Nt	P05165	PCCA	236|255	491	245.50	2	299|235|181|164	0.00	0.00	0.00	0.00	0.00	-600.05	0.92	0.55
ORF3A-A549-Nt	P51648	ALDH3A2	9|14	23	11.50	2	0|0|4|2	0.89	1.00	0.88	1.00	0.89	1.21	3.83	0.00
ORF3A-A549-Nt	P30838	ALDH3A1	2|7	9	4.50	2	0|0|16|16	0.00	0.00	0.00	0.00	0.00	-62.61	0.28	0.55
ORF3A-A549-Nt	P43034	PAFAH1B1	4|8	12	6.00	2	0|0|2|3	0.43	0.84	0.43	0.83	0.43	-3.61	2.40	0.17
ORF3A-A549-Nt	P00352	ALDH1A1	21|39	60	30.00	2	26|3|37|31	0.00	0.00	0.00	0.00	0.00	-92.47	0.88	0.50
ORF3A-A549-Nt	Q16850	CYP51A1	38|54	92	46.00	2	0|0|0|0	1.00	1.00	1.00	1.00	1.00	57.89	460.00	0.00
ORF3A-A549-Nt	P39023	RPL3	22|26	48	24.00	2	5|0|26|22	0.00	0.00	0.00	0.00	0.00	-53.23	1.00	0.48
ORF3A-A549-Nt	P23396	RPS3	9|21	30	15.00	2	5|0|4|3	0.51	1.00	0.51	1.00	0.51	-3.56	3.33	0.02
ORF3A-A549-Nt	P20020	ATP2B1	4|15	19	9.50	2	0|0|0|0	1.00	1.00	1.00	1.00	1.00	7.16	95.00	0.00
ORF3A-A549-Nt	Q71DI3	H3C15	4|0	4	2.00	2	7|0|5|3	0.00	0.00	0.00	0.00	0.00	-25.76	0.33	0.39
ORF3A-A549-Nt	P84077	ARF1	4|4	8	4.00	2	0|0|3|3	0.01	0.01	0.01	0.01	0.01	-5.24	1.33	0.26
ORF3A-A549-Nt	Q4KMQ2	ANO6	22|27	49	24.50	2	0|0|0|0	1.00	1.00	1.00	1.00	1.00	34.63	245.00	0.00
ORF3A-A549-Nt	P42166	TMPO	38|49	87	43.50	2	0|0|49|49	0.00	0.00	0.00	0.00	0.00	-119.26	0.89	0.52
ORF3A-A549-Nt	Q6FI13	H2AC18	6|2	8	4.00	2	7|0|4|0	0.00	0.00	0.00	0.00	0.00	-18.05	0.73	0.35
ORF3A-A549-Nt	Q9P2E9	RRBP1	19|39	58	29.00	2	0|0|9|3	0.83	1.00	0.82	1.00	0.83	0.61	4.83	0.01
ORF3A-A549-Nt	P55011	SLC12A2	19|32	51	25.50	2	0|0|0|0	1.00	1.00	1.00	1.00	1.00	30.21	255.00	0.00
ORF3A-A549-Nt	Q96S66	CLCC1	30|37	67	33.50	2	0|0|0|0	1.00	1.00	1.00	1.00	1.00	46.30	335.00	0.00
ORF3A-A549-Nt	Q86UP2	KTN1	16|39	55	27.50	2	0|0|21|16	0.00	0.00	0.00	0.00	0.00	-42.70	1.49	0.34
ORF3A-A549-Nt	P60709	ACTB	9|12	21	10.50	2	11|0|8|0	0.00	0.00	0.00	0.00	0.00	-20.88	1.11	0.39
ORF3A-A549-Nt	Q15366	PCBP2	3|4	7	3.50	2	0|0|21|17	0.00	0.00	0.00	0.00	0.00	-72.43	0.18	0.55
ORF3A-A549-Nt	Q15365	PCBP1	3|9	12	6.00	2	0|0|35|32	0.00	0.00	0.00	0.00	0.00	-135.65	0.18	0.55
ORF3A-A549-Nt	P21333	FLNA	44|76	120	60.00	2	0|0|503|441	0.00	0.00	0.00	0.00	0.00	-inf	0.13	0.55
ORF3A-A549-Nt	O75369	FLNB	7|24	31	15.50	2	0|0|217|197	0.00	0.00	0.00	0.00	0.00	-inf	0.07	0.55
ORF3A-A549-Nt	Q9HBI6	CYP4F11	4|6	10	5.00	2	0|0|0|0	1.00	1.00	1.00	1.00	1.00	7.07	50.00	0.00
ORF3A-A549-Nt	P15170	GSPT1	9|18	27	13.50	2	0|0|75|84	0.00	0.00	0.00	0.00	0.00	-315.99	0.17	0.55
ORF3A-A549-Nt	Q86Y07	VRK2	13|22	35	17.50	2	0|0|0|0	1.00	1.00	1.00	1.00	1.00	21.31	175.00	0.00
ORF3A-A549-Nt	O60271	SPAG9	6|20	26	13.00	2	0|0|67|71	0.00	0.00	0.00	0.00	0.00	-280.79	0.19	0.55
ORF3A-A549-Nt	Q96CP6	GRAMD1A	4|7	11	5.50	2	0|0|0|0	1.00	1.00	1.00	1.00	1.00	7.07	55.00	0.00
ORF3A-A549-Nt	P00338	LDHA	14|20	34	17.00	2	7|0|15|16	0.00	0.00	0.00	0.00	0.00	-34.88	1.10	0.44
ORF3A-A549-Nt	P07195	LDHB	7|15	22	11.00	2	6|0|12|9	0.00	0.00	0.00	0.00	0.00	-27.85	1.05	0.38
ORF3A-A549-Nt	O60701	UGDH	4|8	12	6.00	2	0|0|14|8	0.00	0.00	0.00	0.00	0.00	-35.74	0.55	0.44
ORF3A-A549-Nt	O00571	DDX3X	7|10	17	8.50	2	0|0|57|60	0.00	0.00	0.00	0.00	0.00	-231.08	0.15	0.55
ORF3A-A549-Nt	Q6NXT4	SLC30A6	4|6	10	5.00	2	0|0|0|0	1.00	1.00	1.00	1.00	1.00	7.07	50.00	0.00
ORF3A-A549-Nt	Q14677	CLINT1	6|12	18	9.00	2	0|0|45|45	0.00	0.00	0.00	0.00	0.00	-175.56	0.20	0.55
ORF3A-A549-Nt	Q16719	KYNU	4|9	13	6.50	2	0|0|11|9	0.00	0.00	0.00	0.00	0.00	-31.83	0.65	0.42
ORF3A-A549-Nt	Q06830	PRDX1	7|17	24	12.00	2	5|4|17|15	0.00	0.00	0.00	0.00	0.00	-49.48	0.75	0.45
ORF3A-A549-Nt	P61313	RPL15	10|9	19	9.50	2	5|2|5|6	0.00	0.00	0.00	0.00	0.00	-7.03	1.73	0.27
ORF3A-A549-Nt	P42330	AKR1C3	5|12	17	8.50	2	3|0|19|21	0.00	0.00	0.00	0.00	0.00	-70.90	0.42	0.49
ORF3A-A549-Nt	Q04828	AKR1C1	5|0	5	2.50	2	0|0|0|0	0.50	1.00	0.50	1.00	0.50	-1.05	25.00	0.04
ORF3A-A549-Nt	Q9NR30	DDX21	8|17	25	12.50	2	0|0|4|5	0.50	1.00	0.50	1.00	0.50	-5.01	2.78	0.02
ORF3A-A549-Nt	Q9Y6M7	SLC4A7	5|7	12	6.00	2	0|0|8|4	0.00	0.00	0.00	0.00	0.00	-14.45	1.00	0.35
ORF3A-A549-Nt	P08238	HSP90AB1	20|32	52	26.00	2	7|0|41|38	0.00	0.00	0.00	0.00	0.00	-115.91	0.66	0.52
ORF3A-A549-Nt	P07900	HSP90AA1	12|21	33	16.50	2	5|2|32|26	0.00	0.00	0.00	0.00	0.00	-90.87	0.57	0.51
ORF3A-A549-Nt	P68104	EEF1A1	21|31	52	26.00	2	11|6|36|31	0.00	0.00	0.00	0.00	0.00	-90.21	0.78	0.51
ORF3A-A549-Nt	Q09666	AHNAK	81|219	300	150.00	2	0|2|1037|1123	0.00	0.00	0.00	0.00	0.00	-inf	0.14	0.55
ORF3A-A549-Nt	P12236	SLC25A6	20|20	40	20.00	2	7|0|22|20	0.00	0.00	0.00	0.00	0.00	-45.61	0.95	0.48
ORF3A-A549-Nt	P05141	SLC25A5	18|20	38	19.00	2	7|0|20|17	0.00	0.00	0.00	0.00	0.00	-39.70	1.03	0.46
ORF3A-A549-Nt	Q03135	CAV1	3|6	9	4.50	2	0|0|3|7	0.00	0.00	0.00	0.00	0.00	-13.70	0.90	0.32
ORF3A-A549-Nt	P00167	CYB5A	6|7	13	6.50	2	0|0|0|0	1.00	1.00	1.00	1.00	1.00	10.39	65.00	0.00
ORF3A-A549-Nt	P04406	GAPDH	28|39	67	33.50	2	28|12|26|25	0.00	0.00	0.00	0.00	0.00	-55.08	1.24	0.47
ORF3A-A549-Nt	P05556	ITGB1	45|64	109	54.50	2	0|0|14|21	0.60	1.00	0.60	1.00	0.60	-1.44	3.11	0.02
ORF3A-A549-Nt	P14923	JUP	14|11	25	12.50	2	12|2|25|22	0.00	0.00	0.00	0.00	0.00	-70.88	0.53	0.55
ORF3A-A549-Nt	Q92973	TNPO1	3|10	13	6.50	2	0|0|49|47	0.00	0.00	0.00	0.00	0.00	-199.69	0.14	0.55
ORF3A-A549-Nt	P27816	MAP4	16|41	57	28.50	2	0|0|430|363	0.00	0.00	0.00	0.00	0.00	-inf	0.07	0.55
ORF3A-A549-Nt	P26038	MSN	8|16	24	12.00	2	2|0|25|26	0.00	0.00	0.00	0.00	0.00	-86.13	0.47	0.50
ORF3A-A549-Nt	P14618	PKM	61|92	153	76.50	2	28|12|63|57	0.00	0.00	0.00	0.00	0.00	-123.60	1.27	0.51
ORF3A-A549-Nt	P08240	SRPRA	25|38	63	31.50	2	0|0|11|10	0.54	1.00	0.53	1.00	0.54	-2.65	3.00	0.02
ORF3A-A549-Nt	Q13190	STX5	6|10	16	8.00	2	0|0|5|0	0.58	0.84	0.57	0.83	0.58	-0.83	3.20	0.02
ORF3A-A549-Nt	Q01650	SLC7A5	5|8	13	6.50	2	0|0|7|8	0.00	0.00	0.00	0.00	0.00	-20.06	0.87	0.38
ORF3A-A549-Nt	P23527	H2BC17	5|0	5	2.50	2	6|0|0|0	0.02	0.04	0.02	0.04	0.02	-11.80	0.83	0.24
ORF3A-A549-Nt	Q5QNW6	H2BC18	5|3	8	4.00	2	6|0|10|6	0.00	0.00	0.00	0.00	0.00	-25.94	0.50	0.55
ORF3A-A549-Nt	P37802	TAGLN2	16|28	44	22.00	2	0|0|88|82	0.00	0.00	0.00	0.00	0.00	-316.92	0.26	0.55
ORF3A-A549-Nt	Q99650	OSMR	13|24	37	18.50	2	0|0|0|0	1.00	1.00	1.00	1.00	1.00	21.26	185.00	0.00
ORF3A-A549-Nt	P27105	STOM	3|4	7	3.50	2	0|0|0|2	0.66	0.76	0.66	0.75	0.66	0.27	3.50	0.01
ORF3A-A549-Nt	P15924	DSP	21|18	39	19.50	2	21|3|10|9	0.00	0.00	0.00	0.00	0.00	-28.60	1.26	0.43
ORF3A-A549-Nt	O95292	VAPB	4|11	15	7.50	2	0|0|0|0	1.00	1.00	1.00	1.00	1.00	7.13	75.00	0.00
ORF3A-A549-Nt	Q9P0L0	VAPA	4|12	16	8.00	2	0|0|0|0	1.00	1.00	1.00	1.00	1.00	7.10	80.00	0.00
ORF3A-A549-Nt	Q00610	CLTC	12|33	45	22.50	2	0|0|0|0	1.00	1.00	1.00	1.00	1.00	19.80	225.00	0.00
ORF3A-A549-Nt	P07737	PFN1	6|13	19	9.50	2	7|0|8|5	0.00	0.00	0.00	0.00	0.00	-18.40	1.27	0.31
ORF3A-A549-Nt	P00533	EGFR	5|13	18	9.00	2	0|0|21|16	0.00	0.00	0.00	0.00	0.00	-64.16	0.49	0.48
ORF3A-A549-Nt	Q14247	CTTN	16|27	43	21.50	2	0|0|82|82	0.00	0.00	0.00	0.00	0.00	-304.10	0.26	0.55
ORF3A-A549-Nt	Q15758	SLC1A5	2|10	12	6.00	2	0|0|0|0	0.99	1.00	0.99	1.00	0.99	3.49	60.00	0.00
ORF3A-A549-Nt	O15439	ABCC4	3|20	23	11.50	2	0|0|0|0	1.00	1.00	1.00	1.00	1.00	5.33	115.00	0.00
ORF3A-A549-Nt	P04264	KRT1	152|128	280	140.00	2	156|103|73|113	0.00	0.00	0.00	0.00	0.00	-288.24	1.04	0.54
ORF3A-A549-Nt	P35908	KRT2	80|72	152	76.00	2	77|78|61|30	0.00	0.00	0.00	0.00	0.00	-169.46	0.98	0.53
ORF3A-A549-Nt	P13647	KRT5	59|60	119	59.50	2	61|45|15|21	0.00	0.00	0.00	0.00	0.00	-101.65	1.12	0.52
ORF3A-A549-Nt	P08670	VIM	26|33	59	29.50	2	14|0|170|160	0.00	0.00	0.00	0.00	0.00	-631.47	0.18	0.55
ORF3A-A549-Nt	P05787	KRT8	38|43	81	40.50	2	45|13|130|134	0.00	0.00	0.00	0.00	0.00	-455.00	0.31	0.55
ORF3A-A549-Nt	P02538	KRT6A	35|46	81	40.50	2	41|48|0|0	0.00	0.00	0.00	0.00	0.00	-107.58	0.91	0.52
ORF3A-A549-Nt	P08729	KRT7	21|19	40	20.00	2	0|0|68|74	0.00	0.00	0.00	0.00	0.00	-248.57	0.28	0.55
ORF3A-A549-Nt	Q14533	KRT81	16|19	35	17.50	2	0|0|58|59	0.00	0.00	0.00	0.00	0.00	-203.90	0.30	0.55
ORF3A-A549-Nt	Q8N1N4	KRT78	8|8	16	8.00	2	5|4|0|0	0.01	0.01	0.01	0.01	0.01	-5.01	1.78	0.25
ORF3A-A549-Nt	Q7Z794	KRT77	9|15	24	12.00	2	12|8|0|0	0.00	0.00	0.00	0.00	0.00	-22.79	1.20	0.37
ORF3A-A549-Nt	O75410	TACC1	10|22	32	16.00	2	0|0|27|28	0.00	0.00	0.00	0.00	0.00	-89.56	0.58	0.50
ORF3A-A549-Nt	O95359	TACC2	4|12	16	8.00	2	0|0|83|86	0.00	0.00	0.00	0.00	0.00	-357.48	0.09	0.55
ORF3A-A549-Nt	P11142	HSPA8	63|80	143	71.50	2	5|0|37|33	0.00	0.00	0.00	0.00	0.00	-34.01	2.04	0.35
ORF3A-A549-Nt	P0DMV8	HSPA1A	34|45	79	39.50	2	0|0|18|17	0.28	0.56	0.28	0.55	0.28	-13.94	2.26	0.19
ORF3A-A549-Nt	P11021	HSPA5	9|18	27	13.50	2	0|0|0|0	1.00	1.00	1.00	1.00	1.00	15.36	135.00	0.00
ORF3A-A549-Nt	Q92598	HSPH1	5|10	15	7.50	2	0|0|52|49	0.00	0.00	0.00	0.00	0.00	-203.00	0.15	0.55
ORF3A-A549-Nt	P34932	HSPA4	3|14	17	8.50	2	0|0|14|15	0.00	0.00	0.00	0.00	0.00	-52.89	0.59	0.45
ORF3A-A549-Nt	Q9UMZ2	SYNRG	10|30	40	20.00	2	0|0|170|147	0.00	0.00	0.00	0.00	0.00	-660.63	0.13	0.55
ORF3A-A549-Nt	Q9UHN6	CEMIP2	6|19	25	12.50	2	0|0|0|5	0.65	0.98	0.63	0.98	0.65	-0.88	5.00	0.01
ORF3A-A549-Nt	Q96HE7	ERO1A	7|13	20	10.00	2	0|0|0|0	1.00	1.00	1.00	1.00	1.00	12.02	100.00	0.00
ORF3A-A549-Nt	Q71UM5	RPS27L	5|6	11	5.50	2	0|0|0|0	1.00	1.00	1.00	1.00	1.00	8.84	55.00	0.00
ORF3A-A549-Nt	P61026	RAB10	12|13	25	12.50	2	3|0|9|10	0.00	0.00	0.00	0.00	0.00	-16.72	1.32	0.38
ORF3A-A549-Nt	P62820	RAB1A	10|11	21	10.50	2	0|0|5|5	0.05	0.07	0.05	0.07	0.05	-3.85	2.10	0.22
ORF3A-A549-Nt	Q15286	RAB35	5|7	12	6.00	2	0|0|2|4	0.13	0.23	0.12	0.21	0.13	-3.98	2.00	0.21
ORF3A-A549-Nt	Q9NV66	TYW1	2|9	11	5.50	2	0|0|0|0	0.99	1.00	0.99	1.00	0.99	3.51	55.00	0.00
ORF3A-A549-Nt	Q9H920	RNF121	6|8	14	7.00	2	0|0|4|6	0.00	0.00	0.00	0.00	0.00	-9.53	1.40	0.29
ORF3A-A549-Nt	Q7Z2W4	ZC3HAV1	35|48	83	41.50	2	0|0|73|82	0.00	0.00	0.00	0.00	0.00	-236.64	0.54	0.54
ORF3A-A549-Nt	Q9NYU2	UGGT1	30|48	78	39.00	2	0|0|0|0	1.00	1.00	1.00	1.00	1.00	46.35	390.00	0.00
ORF3A-A549-Nt	Q9NQC3	RTN4	9|28	37	18.50	2	0|0|20|17	0.00	0.00	0.00	0.00	0.00	-55.23	1.00	0.43
ORF3A-A549-Nt	Q96N66	MBOAT7	5|6	11	5.50	2	0|0|0|0	1.00	1.00	1.00	1.00	1.00	8.81	55.00	0.00
ORF3A-A549-Nt	Q8TCT9	HM13	2|5	7	3.50	2	0|0|0|0	0.99	1.00	0.99	1.00	0.99	3.49	35.00	0.00
ORF3A-A549-Nt	Q8TEQ8	PIGO	12|19	31	15.50	2	0|0|0|0	1.00	1.00	1.00	1.00	1.00	19.74	155.00	0.00
ORF3A-A549-Nt	P16615	ATP2A2	49|67	116	58.00	2	0|0|0|0	1.00	1.00	1.00	1.00	1.00	73.75	580.00	0.00
ORF3A-A549-Nt	Q13085	ACACA	154|174	328	164.00	2	161|157|70|68	0.00	0.00	0.00	0.00	0.00	-337.66	1.03	0.54
ORF3A-A549-Nt	O00763	ACACB	44|67	111	55.50	2	78|79|0|9	0.00	0.00	0.00	0.00	0.00	-221.77	0.71	0.54
ORF3A-A549-Nt	P00761	P00761	55|45	100	50.00	2	79|48|59|35	0.00	0.00	0.00	0.00	0.00	-182.39	0.72	0.55
ORF3A-A549-Nt	P07477	PRSS1	3|5	8	4.00	2	8|9|0|0	0.00	0.00	0.00	0.00	0.00	-28.00	0.47	0.43
ORF3A-A549-Nt	Q9BUN8	DERL1	2|0	2	1.00	2	4|0|0|0	0.01	0.02	0.01	0.03	0.01	-7.09	0.50	0.25
ORF3A-A549-Nt	Q9UHB9	SRP68	2|17	19	9.50	2	0|0|25|30	0.00	0.00	0.00	0.00	0.00	-113.02	0.35	0.51
ORF3A-A549-Nt	P13639	EEF2	4|4	8	4.00	2	0|0|51|44	0.00	0.00	0.00	0.00	0.00	-193.49	0.08	0.55
ORF3A-A549-Nt	P04843	RPN1	2|10	12	6.00	2	0|0|0|0	0.99	1.00	0.99	1.00	0.99	4.11	60.00	0.00
ORF3A-A549-Nt	P36956	SREBF1	3|16	19	9.50	2	0|0|0|0	1.00	1.00	1.00	1.00	1.00	5.44	95.00	0.00
ORF3A-A549-Nt	P62280	RPS11	2|5	7	3.50	2	4|0|0|4	0.00	0.00	0.00	0.00	0.00	-11.81	0.88	0.30
ORF3A-A549-Nt	E9PAV3	NACA	2|2	4	2.00	2	0|0|7|5	0.00	0.00	0.00	0.00	0.00	-20.05	0.33	0.55
ORF3A-A549-Nt	Q9ULF5	SLC39A10	2|4	6	3.00	2	0|0|0|0	0.99	1.00	0.99	1.00	0.99	3.51	30.00	0.00
ORF3A-A549-Nt	O15143	ARPC1B	2|5	7	3.50	2	0|0|0|0	0.99	1.00	0.99	1.00	0.99	3.49	35.00	0.00
ORF3A-A549-Nt	Q9H490	PIGU	2|6	8	4.00	2	0|0|0|0	0.99	1.00	0.99	1.00	0.99	3.49	40.00	0.00
ORF3A-A549-Nt	Q07020	RPL18	2|5	7	3.50	2	4|0|0|0	0.21	0.41	0.20	0.39	0.21	-4.11	1.75	0.19
ORF3A-A549-Nt	Q96HY6	DDRGK1	2|6	8	4.00	2	0|0|0|0	0.99	1.00	0.99	1.00	0.99	3.51	40.00	0.00
ORF3A-A549-Nt	P05166	PCCB	2|10	12	6.00	2	8|12|0|0	0.00	0.00	0.00	0.00	0.00	-36.78	0.60	0.42
ORF3A-A549-Nt	Q9UHD1	CHORDC1	4|5	9	4.50	2	0|0|8|10	0.00	0.00	0.00	0.00	0.00	-27.78	0.50	0.43
ORF3A-A549-Nt	P52209	PGD	3|6	9	4.50	2	0|0|18|17	0.00	0.00	0.00	0.00	0.00	-65.95	0.26	0.55
ORF3A-A549-Nt	Q15393	SF3B3	2|4	6	3.00	2	0|0|27|27	0.00	0.00	0.00	0.00	0.00	-110.64	0.11	0.55
ORF3A-A549-Nt	Q96SQ9	CYP2S1	2|9	11	5.50	2	0|0|4|3	0.22	0.44	0.20	0.41	0.22	-10.19	1.57	0.19
ORF3A-A549-Nt	O15498	YKT6	2|5	7	3.50	2	0|0|0|0	0.99	1.00	0.99	1.00	0.99	3.51	35.00	0.00
ORF3A-A549-Nt	Q14318	FKBP8	2|6	8	4.00	2	0|0|0|0	0.99	1.00	0.99	1.00	0.99	3.60	40.00	0.00
ORF3A-A549-Nt	P15559	NQO1	4|8	12	6.00	2	3|0|7|7	0.00	0.00	0.00	0.00	0.00	-19.90	0.86	0.37
ORF3A-A549-Nt	O15269	SPTLC1	2|4	6	3.00	2	0|0|0|0	0.99	1.00	0.99	1.00	0.99	3.51	30.00	0.00
ORF3A-A549-Nt	Q32P51	HNRNPA1L2	2|0	2	1.00	2	0|0|0|0	0.49	0.97	0.49	0.97	0.49	-1.05	10.00	0.11
ORF3A-A549-Nt	P46778	RPL21	2|2	4	2.00	2	0|0|0|0	0.97	0.97	0.98	0.98	0.98	3.81	20.00	0.00
ORF3A-A549-Nt	Q9UKV5	AMFR	4|5	9	4.50	2	0|0|0|0	1.00	1.00	1.00	1.00	1.00	7.83	45.00	0.00
ORF3A-A549-Nt	A0FGR8	ESYT2	2|13	15	7.50	2	0|0|0|3	0.54	0.99	0.53	0.98	0.54	-2.48	5.00	0.02
ORF3A-A549-Nt	O60218	AKR1B10	2|9	11	5.50	2	0|0|17|19	0.00	0.00	0.00	0.00	0.00	-71.32	0.31	0.55
ORF3A-A549-Nt	P16403	H1-2	4|8	12	6.00	2	10|6|2|0	0.00	0.00	0.00	0.00	0.00	-23.83	0.75	0.39
ORF3A-A549-Nt	Q9NRZ9	HELLS	3|12	15	7.50	2	0|0|215|218	0.00	0.00	0.00	0.00	0.00	-inf	0.03	0.55
ORF3A-A549-Nt	P60842	EIF4A1	2|7	9	4.50	2	0|0|3|3	0.12	0.23	0.11	0.23	0.12	-8.18	1.50	0.21
ORF3A-A549-Nt	Q9NXE4	SMPD4	2|8	10	5.00	2	0|0|0|0	0.99	1.00	0.99	1.00	0.99	3.49	50.00	0.00
ORF3A-A549-Nt	P45880	VDAC2	2|5	7	3.50	2	6|0|0|0	0.02	0.04	0.03	0.06	0.03	-7.04	1.17	0.24
ORF3A-A549-Nt	P04075	ALDOA	0|3	3	1.50	2	3|0|0|0	0.13	0.26	0.12	0.25	0.13	-5.95	1.00	0.21
ORF3A-A549-Nt	Q16678	CYP1B1	0|4	4	2.00	2	0|0|0|0	0.50	1.00	0.50	1.00	0.50	-1.05	20.00	0.05
ORF3A-A549-Nt	P50443	SLC26A2	0|5	5	2.50	2	0|0|0|0	0.50	1.00	0.50	1.00	0.50	-0.97	25.00	0.04
ORF3A-A549-Nt	Q01968	OCRL	0|4	4	2.00	2	0|0|22|24	0.00	0.00	0.00	0.00	0.00	-101.43	0.09	0.55
ORF3A-A549-Nt	P00390	GSR	0|5	5	2.50	2	0|0|4|3	0.00	0.00	0.00	0.00	0.00	-14.82	0.71	0.27
ORF3A-A549-Nt	P32969	RPL9	0|3	3	1.50	2	0|0|0|0	0.50	1.00	0.50	1.00	0.50	-0.62	15.00	0.07
ORF3A-A549-Nt	P04035	HMGCR	0|6	6	3.00	2	0|0|0|0	0.50	1.00	0.50	1.00	0.50	-1.00	30.00	0.04
ORF3A-A549-Nt	P11717	IGF2R	0|11	11	5.50	2	0|0|4|2	0.49	0.98	0.49	0.97	0.49	-12.56	1.83	0.11
ORF3A-A549-Nt	P23284	PPIB	0|4	4	2.00	2	0|0|0|0	0.50	1.00	0.50	1.00	0.50	-0.78	20.00	0.05
ORF3A-A549-Nt	P36578	RPL4	0|2	2	1.00	2	6|0|3|4	0.00	0.00	0.00	0.00	0.00	-20.91	0.20	0.55
ORF3A-A549-Nt	P62424	RPL7A	0|6	6	3.00	2	3|0|0|0	0.40	0.80	0.43	0.86	0.43	-5.49	2.00	0.18
ORF3A-A549-Nt	Q02543	RPL18A	0|3	3	1.50	2	0|0|0|0	0.50	1.00	0.50	1.00	0.50	-0.75	15.00	0.07
ORF3A-A549-Nt	P62888	RPL30	0|3	3	1.50	2	0|0|0|0	0.50	1.00	0.50	1.00	0.50	-0.86	15.00	0.07
ORF3A-A549-Nt	Q6UWP7	LCLAT1	0|2	2	1.00	2	0|0|0|0	0.49	0.97	0.49	0.97	0.49	-1.05	10.00	0.11
ORF3A-A549-Nt	Q9BZF1	OSBPL8	0|7	7	3.50	2	0|0|0|0	0.50	1.00	0.50	1.00	0.50	-0.97	35.00	0.04
ORF3A-A549-Nt	P46781	RPS9	0|2	2	1.00	2	2|0|0|0	0.15	0.30	0.15	0.31	0.15	-3.71	1.00	0.20
ORF3A-A549-Nt	O43684	BUB3	0|2	2	1.00	2	0|0|0|0	0.49	0.97	0.49	0.97	0.49	-1.05	10.00	0.11
ORF3A-A549-Nt	P17987	TCP1	0|4	4	2.00	2	0|0|0|0	0.50	1.00	0.50	1.00	0.50	-1.02	20.00	0.05
ORF3A-A549-Nt	P62847	RPS24	0|3	3	1.50	2	0|0|0|0	0.50	1.00	0.50	1.00	0.50	-0.89	15.00	0.07
ORF3A-A549-Nt	Q709C8	VPS13C	0|3	3	1.50	2	0|0|20|20	0.00	0.00	0.00	0.00	0.00	-88.17	0.07	0.55
ORF3A-A549-Nt	P27824	CANX	0|3	3	1.50	2	0|0|0|0	0.50	1.00	0.50	1.00	0.50	-0.07	15.00	0.07
ORF3A-A549-Nt	O75845	SC5D	0|3	3	1.50	2	0|0|0|0	0.50	1.00	0.50	1.00	0.50	-1.05	15.00	0.07
ORF3A-A549-Nt	Q96CW1	AP2M1	0|3	3	1.50	2	0|0|0|0	0.50	1.00	0.50	1.00	0.50	-0.86	15.00	0.07
ORF3A-A549-Nt	Q8TBM8	DNAJB14	0|4	4	2.00	2	0|0|0|0	0.50	1.00	0.50	1.00	0.50	-1.02	20.00	0.05
ORF3A-A549-Nt	Q86SQ4	ADGRG6	0|5	5	2.50	2	0|0|0|0	0.50	1.00	0.50	1.00	0.50	-1.05	25.00	0.04
ORF3A-A549-Nt	Q9H4F8	SMOC1	0|9	9	4.50	2	0|0|0|0	0.50	1.00	0.50	1.00	0.50	-1.05	45.00	0.03
ORF3A-A549-Nt	Q86TX2	ACOT1	0|3	3	1.50	2	0|0|9|8	0.00	0.00	0.00	0.00	0.00	-36.86	0.18	0.55
ORF3A-A549-Nt	P55884	EIF3B	0|3	3	1.50	2	0|0|6|3	0.00	0.00	0.00	0.00	0.00	-19.11	0.33	0.35
ORF3A-A549-Nt	P60953	CDC42	0|2	2	1.00	2	0|0|0|0	0.49	0.97	0.49	0.98	0.49	-0.83	10.00	0.11
ORF3A-A549-Nt	P61221	ABCE1	0|3	3	1.50	2	0|0|5|3	0.00	0.00	0.00	0.00	0.00	-16.60	0.38	0.33
ORF3A-A549-Nt	P07602	PSAP	0|8	8	4.00	2	0|0|0|0	0.50	1.00	0.50	1.00	0.50	-1.05	40.00	0.03
ORF3A-A549-Nt	Q5T8D3	ACBD5	0|3	3	1.50	2	0|0|0|0	0.50	1.00	0.50	1.00	0.50	-0.94	15.00	0.07
ORF3A-A549-Nt	Q9Y2H6	FNDC3A	0|8	8	4.00	2	0|0|0|0	0.50	1.00	0.50	1.00	0.50	-0.97	40.00	0.03
ORF3A-A549-Nt	P45974	USP5	0|2	2	1.00	2	0|0|19|22	0.00	0.00	0.00	0.00	0.00	-90.41	0.05	0.55
ORF3A-A549-Nt	Q7Z3T8	ZFYVE16	0|3	3	1.50	2	0|0|76|66	0.00	0.00	0.00	0.00	0.00	-317.03	0.02	0.55
ORF3A-A549-Nt	P30519	HMOX2	0|3	3	1.50	2	0|0|0|0	0.50	1.00	0.50	1.00	0.50	-0.94	15.00	0.07
ORF3A-A549-Nt	Q96DZ1	ERLEC1	0|6	6	3.00	2	0|0|0|0	0.50	1.00	0.50	1.00	0.50	-1.02	30.00	0.04
ORF3A-A549-Nt	P02786	TFRC	0|5	5	2.50	2	0|0|0|0	0.50	1.00	0.50	1.00	0.50	-1.00	25.00	0.04
ORF3A-A549-Nt	Q15043	SLC39A14	0|3	3	1.50	2	0|0|0|0	0.50	1.00	0.50	1.00	0.50	-1.05	15.00	0.07
ORF3A-A549-Nt	Q93050	ATP6V0A1	0|2	2	1.00	2	0|0|0|0	0.49	0.97	0.49	0.97	0.49	-0.94	10.00	0.11
ORF3A-A549-Nt	P28074	PSMB5	0|2	2	1.00	2	0|0|0|0	0.49	0.97	0.49	0.97	0.49	-1.02	10.00	0.11
ORF3A-A549-Nt	Q7L1W4	LRRC8D	0|5	5	2.50	2	0|0|0|0	0.50	1.00	0.50	1.00	0.50	-1.05	25.00	0.04
ORF3A-A549-Nt	Q53EP0	FNDC3B	0|3	3	1.50	2	0|0|0|0	0.50	1.00	0.50	1.00	0.50	-1.02	15.00	0.07
ORF3A-A549-Nt	Q9Y680	FKBP7	0|4	4	2.00	2	0|0|0|0	0.50	1.00	0.50	1.00	0.50	-1.05	20.00	0.05
ORF3A-A549-Nt	Q9UHX1	PUF60	0|3	3	1.50	2	0|0|49|53	0.00	0.00	0.00	0.00	0.00	-227.06	0.03	0.55
ORF3A-A549-Nt	Q9NP61	ARFGAP3	0|5	5	2.50	2	0|0|0|0	0.50	1.00	0.50	1.00	0.50	-1.05	25.00	0.04
ORF3A-A549-Nt	Q9H0A0	NAT10	0|6	6	3.00	2	0|0|0|0	0.50	1.00	0.50	1.00	0.50	-1.05	30.00	0.04
ORF3A-A549-Nt	Q99615	DNAJC7	0|3	3	1.50	2	0|0|0|0	0.50	1.00	0.50	1.00	0.50	-0.89	15.00	0.07
ORF3A-A549-Nt	Q6UW68	TMEM205	0|4	4	2.00	2	0|0|0|0	0.50	1.00	0.50	1.00	0.50	-1.05	20.00	0.05
ORF3A-A549-Nt	Q9H6T3	RPAP3	0|5	5	2.50	2	0|0|55|53	0.00	0.00	0.00	0.00	0.00	-240.67	0.05	0.55
ORF3A-A549-Nt	Q9UBM7	DHCR7	0|3	3	1.50	2	0|0|0|0	0.50	1.00	0.50	1.00	0.50	-1.00	15.00	0.07
ORF3A-A549-Nt	O43291	SPINT2	0|3	3	1.50	2	0|0|0|0	0.50	1.00	0.50	1.00	0.50	-1.02	15.00	0.07
ORF3A-A549-Nt	Q9P246	STIM2	0|10	10	5.00	2	0|0|0|0	0.50	1.00	0.50	1.00	0.50	-1.05	50.00	0.03
ORF3A-A549-Nt	Q15042	RAB3GAP1	0|3	3	1.50	2	0|0|2|3	0.00	0.01	0.00	0.01	0.00	-10.45	0.60	0.26
ORF3A-A549-Nt	O15056	SYNJ2	0|7	7	3.50	2	0|0|88|86	0.00	0.00	0.00	0.00	0.00	-388.93	0.04	0.55
ORF3A-A549-Nt	Q5JSH3	WDR44	0|3	3	1.50	2	0|0|0|0	0.50	1.00	0.50	1.00	0.50	-0.89	15.00	0.07
ORF3A-A549-Nt	O00400	SLC33A1	0|3	3	1.50	2	0|0|0|0	0.50	1.00	0.50	1.00	0.50	-0.83	15.00	0.07
ORF3A-A549-Nt	Q8TD43	TRPM4	0|2	2	1.00	2	0|0|0|0	0.49	0.97	0.49	0.97	0.49	-1.05	10.00	0.11
ORF3A-A549-Nt	Q9UL51	HCN2	0|2	2	1.00	2	0|0|0|0	0.49	0.97	0.49	0.97	0.49	-1.05	10.00	0.11
ORF3A-A549-Nt	Q96L93	KIF16B	0|11	11	5.50	2	0|0|34|41	0.00	0.00	0.00	0.00	0.00	-166.61	0.15	0.55
ORF3A-A549-Nt	Q8NC67	NETO2	0|2	2	1.00	2	0|0|0|0	0.49	0.97	0.49	0.97	0.49	-1.05	10.00	0.11
ORF3A-A549-Nt	P47756	CAPZB	0|3	3	1.50	2	0|0|10|10	0.00	0.00	0.00	0.00	0.00	-43.51	0.15	0.55
ORF3A-A549-Nt	P62491	RAB11A	0|4	4	2.00	2	0|0|0|0	0.50	1.00	0.50	1.00	0.50	-1.05	20.00	0.05
ORF3A-A549-Nt	Q8N6H7	ARFGAP2	0|5	5	2.50	2	0|0|5|5	0.00	0.00	0.00	0.00	0.00	-21.35	0.50	0.34
ORF3A-A549-Nt	Q96TA2	YME1L1	0|7	7	3.50	2	0|0|0|0	0.50	1.00	0.50	1.00	0.50	-0.94	35.00	0.04
ORF3A-A549-Nt	Q9UM00	TMCO1	0|2	2	1.00	2	0|0|0|0	0.49	0.97	0.49	0.98	0.49	-0.83	10.00	0.11
ORF3A-A549-Nt	Q14789	GOLGB1	0|4	4	2.00	2	0|0|57|78	0.00	0.00	0.00	0.00	0.00	-300.75	0.03	0.55
ORF3A-A549-Nt	O14617	AP3D1	0|2	2	1.00	2	0|0|16|12	0.00	0.00	0.00	0.00	0.00	-61.21	0.07	0.55
ORF3A-A549-Nt	Q86W74	ANKRD46	0|3	3	1.50	2	0|0|0|0	0.50	1.00	0.50	1.00	0.50	-1.05	15.00	0.07
ORF3A-A549-Nt	Q9UBX3	SLC25A10	0|2	2	1.00	2	0|0|0|0	0.49	0.97	0.49	0.97	0.49	-1.02	10.00	0.11
ORF3A-A549-Nt	Q8IWB1	ITPRIP	0|3	3	1.50	2	0|0|0|0	0.50	1.00	0.50	1.00	0.50	-1.05	15.00	0.07
ORF3A-A549-Nt	P14868	DARS1	0|7	7	3.50	2	0|0|0|0	0.50	1.00	0.50	1.00	0.50	-0.94	35.00	0.04
ORF3A-A549-Nt	P41091	EIF2S3	0|7	7	3.50	2	0|0|6|2	0.01	0.01	0.01	0.01	0.01	-16.66	0.88	0.25
ORF3A-A549-Nt	P22692	IGFBP4	0|3	3	1.50	2	0|0|0|0	0.50	1.00	0.50	1.00	0.50	-1.05	15.00	0.07
ORF3A-A549-Nt	P49069	CAMLG	0|4	4	2.00	2	0|0|0|0	0.50	1.00	0.50	1.00	0.50	-1.05	20.00	0.05
ORF3A-A549-Nt	P10909	CLU	0|2	2	1.00	2	0|0|0|0	0.49	0.97	0.49	0.97	0.49	-1.02	10.00	0.11
ORF3A-A549-Nt	P18084	ITGB5	0|10	10	5.00	2	0|0|0|0	0.50	1.00	0.50	1.00	0.50	-1.02	50.00	0.03
ORF3A-A549-Nt	P07942	LAMB1	0|2	2	1.00	2	0|0|0|0	0.49	0.97	0.49	0.97	0.49	-1.02	10.00	0.11
ORF3A-A549-Nt	O75581	LRP6	0|2	2	1.00	2	0|0|0|0	0.49	0.97	0.49	0.98	0.49	-0.86	10.00	0.11
ORF3A-A549-Nt	P22059	OSBP	0|3	3	1.50	2	0|0|0|0	0.50	1.00	0.50	1.00	0.50	-0.94	15.00	0.07
ORF3A-A549-Nt	Q13200	PSMD2	0|2	2	1.00	2	0|0|0|0	0.49	0.97	0.49	0.98	0.49	-0.62	10.00	0.11
ORF3A-A549-Nt	O43242	PSMD3	0|3	3	1.50	2	0|0|0|3	0.13	0.26	0.13	0.27	0.13	-5.85	1.00	0.21
ORF3A-A549-Nt	P55036	PSMD4	0|3	3	1.50	2	0|0|0|0	0.50	1.00	0.50	1.00	0.50	-0.75	15.00	0.07
ORF3A-A549-Nt	P46063	RECQL	0|4	4	2.00	2	0|0|7|4	0.00	0.00	0.00	0.00	0.00	-23.59	0.36	0.37
ORF3A-A549-Nt	P15880	RPS2	0|4	4	2.00	2	2|0|10|10	0.00	0.00	0.00	0.00	0.00	-43.32	0.20	0.55
ORF3A-A549-Nt	P14678	SNRPB	0|2	2	1.00	2	0|0|9|9	0.00	0.00	0.00	0.00	0.00	-39.03	0.11	0.55
ORF3A-A549-Nt	Q07617	SPAG1	0|2	2	1.00	2	0|0|6|7	0.00	0.00	0.00	0.00	0.00	-28.00	0.15	0.55
ORF3A-A549-Nt	Q99614	TTC1	0|6	6	3.00	2	0|0|9|7	0.00	0.00	0.00	0.00	0.00	-34.35	0.38	0.41
ORF3A-A549-Nt	P52429	DGKE	0|3	3	1.50	2	0|0|0|0	0.50	1.00	0.50	1.00	0.50	-1.05	15.00	0.07
ORF3A-A549-Nt	O75363	BCAS1	0|3	3	1.50	2	0|0|4|3	0.00	0.00	0.00	0.00	0.00	-14.82	0.43	0.31
ORF3A-A549-Nt	Q13443	ADAM9	0|9	9	4.50	2	0|0|0|0	0.50	1.00	0.50	1.00	0.50	-1.05	45.00	0.03
ORF3A-A549-Nt	Q8NFJ5	GPRC5A	0|2	2	1.00	2	0|0|3|0	0.04	0.09	0.04	0.08	0.04	-6.01	0.67	0.22
ORF3A-A549-Nt	P05198	EIF2S1	0|5	5	2.50	2	0|0|0|0	0.50	1.00	0.50	1.00	0.50	-0.86	25.00	0.04
ORF3A-A549-Nt	Q15643	TRIP11	0|18	18	9.00	2	0|0|2|3	0.50	1.00	0.50	1.00	0.50	-10.51	3.60	0.04
ORF3A-A549-Nt	O75694	NUP155	0|3	3	1.50	2	0|0|0|0	0.50	1.00	0.50	1.00	0.50	-1.05	15.00	0.07
ORF3A-A549-Nt	P27708	CAD	0|3	3	1.50	2	0|0|0|0	0.50	1.00	0.50	1.00	0.50	-0.78	15.00	0.07
ORF3A-A549-Nt	Q14254	FLOT2	0|2	2	1.00	2	0|0|0|2	0.15	0.30	0.15	0.31	0.15	-3.71	1.00	0.20
ORF3A-A549-Nt	Q08379	GOLGA2	0|7	7	3.50	2	0|0|10|11	0.00	0.00	0.00	0.00	0.00	-45.67	0.33	0.44
ORF3A-A549-Nt	O95801	TTC4	0|4	4	2.00	2	0|0|0|0	0.50	1.00	0.50	1.00	0.50	-1.05	20.00	0.05
ORF3A-A549-Nt	Q13838	DDX39B	0|3	3	1.50	2	0|0|0|0	0.50	1.00	0.50	1.00	0.50	-0.94	15.00	0.07
ORF3A-A549-Nt	O14737	PDCD5	0|2	2	1.00	2	0|0|6|5	0.00	0.00	0.00	0.00	0.00	-23.59	0.18	0.55
ORF3A-A549-Nt	P35606	COPB2	0|11	11	5.50	2	0|0|0|0	0.50	1.00	0.50	1.00	0.50	-1.05	55.00	0.03
ORF3A-A549-Nt	O95721	SNAP29	0|4	4	2.00	2	0|0|9|9	0.00	0.00	0.00	0.00	0.00	-38.98	0.22	0.55
ORF3A-A549-Nt	Q99805	TM9SF2	0|2	2	1.00	2	0|0|0|0	0.49	0.97	0.49	0.97	0.49	-1.02	10.00	0.11
ORF3A-A549-Nt	Q9NZJ5	EIF2AK3	0|2	2	1.00	2	0|0|0|0	0.49	0.97	0.49	0.97	0.49	-0.94	10.00	0.11
ORF3A-A549-Nt	P30041	PRDX6	0|2	2	1.00	2	0|0|2|0	0.15	0.30	0.14	0.28	0.15	-3.82	1.00	0.20
ORF3A-A549-Nt	P13667	PDIA4	0|4	4	2.00	2	0|0|0|0	0.50	1.00	0.50	1.00	0.50	-0.94	20.00	0.05
ORF3A-A549-Nt	Q08554	DSC1	0|3	3	1.50	2	0|0|0|0	0.50	1.00	0.50	1.00	0.50	-1.05	15.00	0.07
ORF3A-A549-Nt	Q9UM54	MYO6	0|5	5	2.50	2	0|0|61|64	0.00	0.00	0.00	0.00	0.00	-278.77	0.04	0.55
ORF3A-A549-Nt	Q14258	TRIM25	0|4	4	2.00	2	0|0|28|33	0.00	0.00	0.00	0.00	0.00	-135.16	0.07	0.55
ORF3A-A549-Nt	P35658	NUP214	0|2	2	1.00	2	0|0|68|75	0.00	0.00	0.00	0.00	0.00	-319.23	0.01	0.55
ORF3A-A549-Nt	Q8TBA6	GOLGA5	0|10	10	5.00	2	0|0|8|7	0.00	0.00	0.00	0.00	0.00	-32.37	0.67	0.36
ORF3A-A549-Nt	P39656	DDOST	0|3	3	1.50	2	0|0|0|0	0.50	1.00	0.50	1.00	0.50	-0.64	15.00	0.07
ORF3A-A549-Nt	Q14517	FAT1	0|7	7	3.50	2	0|0|0|0	0.50	1.00	0.50	1.00	0.50	-1.05	35.00	0.04
ORF3A-A549-Nt	P30101	PDIA3	0|3	3	1.50	2	0|0|0|0	0.50	1.00	0.50	1.00	0.50	-1.02	15.00	0.07
ORF3A-A549-Nt	O95477	ABCA1	0|4	4	2.00	2	0|0|0|0	0.50	1.00	0.50	1.00	0.50	-1.05	20.00	0.05
ORF3A-A549-Nt	Q15084	PDIA6	0|3	3	1.50	2	0|0|0|0	0.50	1.00	0.50	1.00	0.50	-1.02	15.00	0.07
ORF3A-A549-Nt	Q92665	MRPS31	0|3	3	1.50	2	0|0|0|0	0.50	1.00	0.50	1.00	0.50	-1.05	15.00	0.07
ORF3A-A549-Nt	O75844	ZMPSTE24	0|2	2	1.00	2	0|0|0|0	0.49	0.97	0.49	0.97	0.49	-1.00	10.00	0.11
ORF3A-A549-Nt	P31153	MAT2A	0|2	2	1.00	2	0|0|8|5	0.00	0.00	0.00	0.00	0.00	-27.97	0.15	0.55
ORF3A-A549-Nt	Q02818	NUCB1	0|12	12	6.00	2	0|0|0|0	0.50	1.00	0.50	1.00	0.50	-1.00	60.00	0.03
ORF3A-A549-Nt	Q99536	VAT1	0|2	2	1.00	2	0|0|0|0	0.49	0.97	0.49	0.97	0.49	-1.05	10.00	0.11
ORF3A-A549-Nt	Q13162	PRDX4	0|7	7	3.50	2	0|0|0|0	0.50	1.00	0.50	1.00	0.50	-1.05	35.00	0.04
ORF3A-A549-Nt	Q9Y266	NUDC	0|8	8	4.00	2	0|0|23|33	0.00	0.00	0.00	0.00	0.00	-123.70	0.14	0.55
ORF3A-A549-Nt	P33992	MCM5	0|14	14	7.00	2	0|0|0|0	0.50	1.00	0.50	1.00	0.50	-0.81	70.00	0.03
ORF3A-A549-Nt	P08910	ABHD2	0|6	6	3.00	2	0|0|0|0	0.50	1.00	0.50	1.00	0.50	-1.05	30.00	0.04
ORF3A-A549-Nt	Q9Y3F4	STRAP	0|2	2	1.00	2	0|0|5|3	0.00	0.00	0.00	0.00	0.00	-16.93	0.25	0.55
ORF3A-A549-Nt	Q9Y6Y8	SEC23IP	0|9	9	4.50	2	0|0|22|21	0.00	0.00	0.00	0.00	0.00	-94.89	0.21	0.55
ORF3A-A549-Nt	Q9Y5B9	SUPT16H	0|3	3	1.50	2	0|0|0|0	0.50	1.00	0.50	1.00	0.50	-1.02	15.00	0.07
ORF3A-A549-Nt	Q9UGP8	SEC63	0|4	4	2.00	2	0|0|0|0	0.50	1.00	0.50	1.00	0.50	-1.00	20.00	0.05
ORF3A-A549-Nt	O00154	ACOT7	0|3	3	1.50	2	0|0|0|0	0.50	1.00	0.50	1.00	0.50	-1.02	15.00	0.07
ORF3A-A549-Nt	Q6IBS0	TWF2	0|2	2	1.00	2	0|0|15|16	0.00	0.00	0.00	0.00	0.00	-68.00	0.06	0.55
ORF3A-A549-Nt	O15504	NUP42	0|4	4	2.00	2	0|0|0|0	0.50	1.00	0.50	1.00	0.50	-1.02	20.00	0.05
ORF3A-A549-Nt	P18850	ATF6	0|3	3	1.50	2	0|0|0|0	0.50	1.00	0.50	1.00	0.50	-1.02	15.00	0.07
ORF3A-A549-Nt	O95433	AHSA1	0|3	3	1.50	2	0|0|14|12	0.00	0.00	0.00	0.00	0.00	-56.58	0.12	0.55
ORF3A-A549-Nt	Q9Y5K6	CD2AP	0|4	4	2.00	2	0|0|64|68	0.00	0.00	0.00	0.00	0.00	-294.57	0.03	0.55
ORF3A-A549-Nt	Q13423	NNT	0|3	3	1.50	2	0|0|0|0	0.50	1.00	0.50	1.00	0.50	-1.02	15.00	0.07
ORF3A-A549-Nt	O15031	PLXNB2	0|2	2	1.00	2	0|0|0|0	0.49	0.97	0.49	0.97	0.49	-1.05	10.00	0.11
ORF3A-A549-Nt	Q9Y4P3	TBL2	0|2	2	1.00	2	0|0|0|0	0.49	0.97	0.49	0.97	0.49	-1.02	10.00	0.11
ORF3A-A549-Nt	Q9HCU5	PREB	0|4	4	2.00	2	0|0|0|0	0.50	1.00	0.50	1.00	0.50	-1.05	20.00	0.05
ORF3A-A549-Nt	Q15629	TRAM1	0|2	2	1.00	2	0|0|0|0	0.49	0.97	0.49	0.97	0.49	-0.97	10.00	0.11
ORF3A-A549-Nt	Q9Y283	INVS	0|3	3	1.50	2	0|0|25|11	0.00	0.00	0.00	0.00	0.00	-78.48	0.08	0.55
ORF3A-A549-Nt	Q96CS3	FAF2	0|2	2	1.00	2	0|0|0|0	0.49	0.97	0.49	0.99	0.49	-0.29	10.00	0.11
ORF3A-A549-Nt	O94851	MICAL2	0|4	4	2.00	2	0|0|0|0	0.50	1.00	0.50	1.00	0.50	-1.05	20.00	0.05
ORF3A-A549-Nt	Q9H2G2	SLK	0|2	2	1.00	2	0|0|35|46	0.00	0.00	0.00	0.00	0.00	-179.95	0.02	0.55
ORF3A-A549-Nt	Q92544	TM9SF4	0|3	3	1.50	2	0|0|0|0	0.50	1.00	0.50	1.00	0.50	-0.94	15.00	0.07
ORF3A-A549-Nt	Q9UL25	RAB21	0|3	3	1.50	2	0|0|0|0	0.50	1.00	0.50	1.00	0.50	-1.02	15.00	0.07
ORF3A-A549-Nt	Q8TEY7	USP33	0|2	2	1.00	2	0|0|0|0	0.49	0.97	0.49	0.97	0.49	-0.97	10.00	0.11
ORF3A-A549-Nt	Q8TC12	RDH11	0|3	3	1.50	2	0|0|0|0	0.50	1.00	0.50	1.00	0.50	-1.05	15.00	0.07
ORF3A-A549-Nt	Q96BY9	SARAF	0|3	3	1.50	2	0|0|0|0	0.50	1.00	0.50	1.00	0.50	-1.02	15.00	0.07
ORF3A-A549-Nt	Q9Y6G5	COMMD10	0|3	3	1.50	2	0|0|14|13	0.00	0.00	0.00	0.00	0.00	-59.12	0.11	0.55
ORF3A-A549-Nt	Q8NBQ5	HSD17B11	0|3	3	1.50	2	0|0|0|0	0.50	1.00	0.50	1.00	0.50	-1.05	15.00	0.07
ORF3A-A549-Nt	P52948	NUP98	0|3	3	1.50	2	0|0|39|42	0.00	0.00	0.00	0.00	0.00	-180.07	0.04	0.55
ORF3A-A549-Nt	Q96QT4	TRPM7	0|4	4	2.00	2	0|0|0|0	0.50	1.00	0.50	1.00	0.50	-1.00	20.00	0.05
ORF3A-A549-Nt	Q9NXH8	TOR4A	0|5	5	2.50	2	0|0|0|0	0.50	1.00	0.50	1.00	0.50	-1.05	25.00	0.04
ORF3A-A549-Nt	Q6NUM9	RETSAT	0|4	4	2.00	2	0|0|0|0	0.50	1.00	0.50	1.00	0.50	-1.02	20.00	0.05
ORF3A-A549-Nt	Q8N5Y8	PARP16	0|4	4	2.00	2	0|0|0|0	0.50	1.00	0.50	1.00	0.50	-1.05	20.00	0.05
ORF3A-A549-Nt	P57088	TMEM33	0|5	5	2.50	2	0|0|0|0	0.50	1.00	0.50	1.00	0.50	-1.05	25.00	0.04
ORF3A-A549-Nt	Q8N6T3	ARFGAP1	0|2	2	1.00	2	0|0|19|18	0.00	0.00	0.00	0.00	0.00	-81.46	0.05	0.55
ORF3A-A549-Nt	Q2TAY7	SMU1	0|6	6	3.00	2	0|0|0|0	0.50	1.00	0.50	1.00	0.50	-1.05	30.00	0.04
ORF3A-A549-Nt	Q96HE9	PRR11	0|4	4	2.00	2	0|0|0|0	0.50	1.00	0.50	1.00	0.50	-1.05	20.00	0.05
ORF3A-A549-Nt	Q8IWB9	TEX2	0|3	3	1.50	2	0|0|0|3	0.13	0.26	0.12	0.24	0.13	-6.01	1.00	0.21
ORF3A-A549-Nt	Q9HD45	TM9SF3	0|3	3	1.50	2	0|0|0|0	0.50	1.00	0.50	1.00	0.50	-1.05	15.00	0.07
ORF3A-A549-Nt	Q9HCS7	XAB2	0|8	8	4.00	2	0|0|208|202	0.00	0.00	0.00	0.00	0.00	-inf	0.02	0.55
ORF3A-A549-Nt	Q9HD20	ATP13A1	0|15	15	7.50	2	0|0|0|0	0.50	1.00	0.50	1.00	0.50	-1.05	75.00	0.03
ORF3A-A549-Nt	Q9Y5W7	SNX14	0|8	8	4.00	2	0|0|0|0	0.50	1.00	0.50	1.00	0.50	-1.05	40.00	0.03
ORF3A-A549-Nt	Q96AQ6	PBXIP1	0|3	3	1.50	2	0|0|0|0	0.50	1.00	0.50	1.00	0.50	-1.05	15.00	0.07
ORF3A-A549-Nt	Q14019	COTL1	0|2	2	1.00	2	0|0|3|3	0.00	0.00	0.00	0.00	0.00	-12.51	0.33	0.31
ORF3A-A549-Nt	Q6NUQ1	RINT1	0|3	3	1.50	2	0|0|2|0	0.28	0.57	0.27	0.54	0.28	-3.84	1.50	0.18
ORF3A-A549-Nt	Q96GQ5	C16orf58	0|3	3	1.50	2	0|0|0|0	0.50	1.00	0.50	1.00	0.50	-1.05	15.00	0.07
ORF3A-A549-Nt	Q68CZ2	TNS3	0|8	8	4.00	2	0|0|112|110	0.00	0.00	0.00	0.00	0.00	-496.81	0.04	0.55
ORF3A-A549-Nt	Q53H96	PYCR3	0|2	2	1.00	2	0|0|6|4	0.00	0.00	0.00	0.00	0.00	-21.32	0.20	0.55
ORF3A-A549-Nt	Q9BV38	WDR18	0|2	2	1.00	2	0|0|0|0	0.49	0.97	0.49	0.97	0.49	-1.05	10.00	0.11
ORF3A-A549-Nt	Q96JQ2	CLMN	0|11	11	5.50	2	0|0|26|24	0.00	0.00	0.00	0.00	0.00	-110.55	0.22	0.55
ORF3A-A549-Nt	Q9H6H4	REEP4	0|2	2	1.00	2	0|0|0|0	0.49	0.97	0.49	0.97	0.49	-1.05	10.00	0.11
ORF3A-A549-Nt	Q9H3N1	TMX1	0|4	4	2.00	2	0|0|0|0	0.50	1.00	0.50	1.00	0.50	-1.02	20.00	0.05
ORF3A-A549-Nt	Q96NT0	CCDC115	0|2	2	1.00	2	0|0|0|0	0.49	0.97	0.49	0.97	0.49	-1.00	10.00	0.11
ORF3A-A549-Nt	Q8TD19	NEK9	0|2	2	1.00	2	0|0|21|15	0.00	0.00	0.00	0.00	0.00	-79.22	0.06	0.55
ORF3A-A549-Nt	Q5SQN1	SNAP47	0|3	3	1.50	2	0|0|0|0	0.50	1.00	0.50	1.00	0.50	-1.05	15.00	0.07
ORF3A-A549-Nt	Q8NFH5	NUP35	0|2	2	1.00	2	0|0|0|0	0.49	0.97	0.49	0.97	0.49	-1.02	10.00	0.11
ORF3A-A549-Nt	Q8IWE2	FAM114A1	0|5	5	2.50	2	0|0|20|18	0.00	0.00	0.00	0.00	0.00	-83.66	0.13	0.55
ORF3A-A549-Nt	Q8NI36	WDR36	0|6	6	3.00	2	0|0|40|37	0.00	0.00	0.00	0.00	0.00	-171.09	0.08	0.55
ORF3A-A549-Nt	P46977	STT3A	0|6	6	3.00	2	0|0|0|0	0.50	1.00	0.50	1.00	0.50	-1.05	30.00	0.04
ORF3A-A549-Nt	Q8NC42	RNF149	0|2	2	1.00	2	0|0|0|0	0.49	0.97	0.49	0.97	0.49	-1.05	10.00	0.11
ORF3A-A549-Nt	Q8NEN9	PDZD8	0|3	3	1.50	2	0|0|0|0	0.50	1.00	0.50	1.00	0.50	-1.00	15.00	0.07
ORF3A-A549-Nt	Q86UL3	GPAT4	0|4	4	2.00	2	0|0|0|0	0.50	1.00	0.50	1.00	0.50	-1.05	20.00	0.05
ORF3A-A549-Nt	Q5JRA6	MIA3	0|5	5	2.50	2	0|0|0|0	0.50	1.00	0.50	1.00	0.50	-1.02	25.00	0.04
ORF3A-A549-Nt	Q6PL24	TMED8	0|2	2	1.00	2	0|0|0|0	0.49	0.97	0.49	0.97	0.49	-1.05	10.00	0.11
ORF3A-A549-Nt	P81947	ENSEMBL:ENSBTAP00000016242	0|8	8	4.00	2	5|0|0|0	0.33	0.66	0.32	0.63	0.33	-9.94	1.60	0.18
ORF3A-A549-Nt	P51690	ARSL	0|7	7	3.50	2	0|0|0|0	0.50	1.00	0.50	1.00	0.50	-1.05	35.00	0.04
ORF3A-A549-Nt	P08779	KRT16	0|56	56	28.00	2	35|50|0|12	0.00	0.00	0.00	0.00	0.00	-188.67	0.66	0.50
ORF3A-A549-Nt	P05067	APP	0|2	2	1.00	2	0|0|0|0	0.49	0.97	0.50	0.99	0.50	0.09	10.00	0.11
ORF3A-A549-Nt	P05023	ATP1A1	0|5	5	2.50	2	0|0|0|0	0.50	1.00	0.50	1.00	0.50	-0.83	25.00	0.04
ORF3A-A549-Nt	P46779	RPL28	0|2	2	1.00	2	0|0|8|6	0.00	0.00	0.00	0.00	0.00	-30.02	0.14	0.55
ORF3A-A549-Nt	Q9ULD2	MTUS1	0|4	4	2.00	2	0|0|158|138	0.00	0.00	0.00	0.00	0.00	-663.07	0.01	0.55
ORF3A-A549-Nt	P23141	CES1	0|12	12	6.00	2	0|0|0|0	0.50	1.00	0.50	1.00	0.50	-1.05	60.00	0.03
ORF3A-A549-Nt	Q27J81	INF2	0|8	8	4.00	2	0|0|22|22	0.00	0.00	0.00	0.00	0.00	-97.12	0.18	0.55
ORF3A-A549-Nt	P46087	NOP2	0|4	4	2.00	2	0|0|8|6	0.00	0.00	0.00	0.00	0.00	-30.13	0.29	0.41
ORF3A-A549-Nt	Q6NTF9	RHBDD2	0|2	2	1.00	2	0|0|0|0	0.49	0.97	0.49	0.97	0.49	-1.05	10.00	0.11
ORF3A-A549-Nt	Q9UHW9	SLC12A6	0|2	2	1.00	2	0|0|0|0	0.49	0.97	0.49	0.97	0.49	-1.05	10.00	0.11
ORF3A-A549-Nt	O95486	SEC24A	0|5	5	2.50	2	0|0|3|4	0.00	0.00	0.00	0.00	0.00	-14.82	0.71	0.27
ORF3A-A549-Nt	Q13885	TUBB2A	0|2	2	1.00	2	0|0|0|0	0.49	0.97	0.49	0.97	0.49	-1.05	10.00	0.11
ORF3A-A549-Nt	P07910	HNRNPC	0|2	2	1.00	2	0|0|4|3	0.00	0.00	0.00	0.00	0.00	-14.77	0.29	0.33
ORF3A-A549-Nt	Q6YHU6	THADA	0|12	12	6.00	2	0|0|102|91	0.00	0.00	0.00	0.00	0.00	-431.63	0.06	0.55
ORF3A-A549-Nt	Q12979	ABR	0|2	2	1.00	2	0|0|24|18	0.00	0.00	0.00	0.00	0.00	-92.64	0.05	0.55
ORF3A-A549-Nt	Q16881	TXNRD1	0|6	6	3.00	2	0|0|43|42	0.00	0.00	0.00	0.00	0.00	-188.96	0.07	0.55
ORF3A-A549-Nt	P68133	ACTA1	0|8	8	4.00	2	0|2|6|5	0.00	0.00	0.00	0.00	0.00	-23.56	0.73	0.31
ORF3A-A549-Nt	Q9BWL3	C1orf43	0|8	8	4.00	2	0|0|0|0	0.50	1.00	0.50	1.00	0.50	-1.00	40.00	0.03
ORF3A-A549-Nt	Q6Y7W6	GIGYF2	0|3	3	1.50	2	0|0|68|75	0.00	0.00	0.00	0.00	0.00	-319.28	0.02	0.55
ORF3A-A549-Nt	P62979	RPS27A	0|30	30	15.00	2	2|0|0|0	0.50	1.00	0.50	1.00	0.50	-3.84	15.00	0.03
ORF3A-A549-Nt	Q9Y277	VDAC3	0|4	4	2.00	2	0|0|0|0	0.50	1.00	0.50	1.00	0.50	-0.86	20.00	0.05
ORF3A-A549-Nt	Q8NDI1	EHBP1	0|6	6	3.00	2	0|0|44|35	0.00	0.00	0.00	0.00	0.00	-175.67	0.08	0.55
ORF3A-A549-Nt	Q6PIU2	NCEH1	0|3	3	1.50	2	0|0|0|0	0.50	1.00	0.50	1.00	0.50	-1.05	15.00	0.07
ORF3A-A549-Nt	O00213	APBB1	0|5	5	2.50	2	0|0|17|18	0.00	0.00	0.00	0.00	0.00	-76.99	0.14	0.55
ORF3A-A549-Nt	P78344	EIF4G2	0|8	8	4.00	2	0|0|91|87	0.00	0.00	0.00	0.00	0.00	-397.87	0.04	0.55
ORF3A-A549-Nt	Q9NX02	NLRP2	0|2	2	1.00	2	0|0|65|59	0.00	0.00	0.00	0.00	0.00	-276.60	0.02	0.55
ORF3A-A549-Nt	P52565	ARHGDIA	0|2	2	1.00	2	0|0|0|0	0.49	0.97	0.49	0.97	0.49	-0.94	10.00	0.11
ORF3A-A549-Nt	Q04637	EIF4G1	0|3	3	1.50	2	0|0|76|82	0.00	0.00	0.00	0.00	0.00	-352.82	0.02	0.55
ORF3A-A549-Nt	Q16555	DPYSL2	0|3	3	1.50	2	0|0|44|36	0.00	0.00	0.00	0.00	0.00	-177.82	0.04	0.55
ORF3A-A549-Nt	P61019	RAB2A	0|3	3	1.50	2	0|0|0|0	0.50	1.00	0.50	1.00	0.50	-0.86	15.00	0.07
ORF3A-A549-Nt	XP_003960901.1	LOC101060798	0|12	12	6.00	2	0|0|18|17	0.00	0.00	0.00	0.00	0.00	-76.99	0.34	0.48
ORF3A-A549-Nt	Q14678	KANK1	0|2	2	1.00	2	0|0|70|67	0.00	0.00	0.00	0.00	0.00	-305.81	0.01	0.55
ORF3A-A549-Nt	Q9H4G0	EPB41L1	0|3	3	1.50	2	0|0|35|29	0.00	0.00	0.00	0.00	0.00	-141.90	0.05	0.55
ORF3A-A549-Nt	Q99640	PKMYT1	0|2	2	1.00	2	0|0|0|0	0.49	0.97	0.49	0.97	0.49	-1.02	10.00	0.11
ORF3A-A549-Nt	Q96N67	DOCK7	0|7	7	3.50	2	0|0|44|42	0.00	0.00	0.00	0.00	0.00	-191.28	0.08	0.55
ORF3A-A549-Nt	Q99873	PRMT1	0|4	4	2.00	2	0|0|0|0	0.50	1.00	0.50	1.00	0.50	-1.05	20.00	0.05
ORF3A-A549-Nt	P48444	ARCN1	0|6	6	3.00	2	0|0|10|11	0.00	0.00	0.00	0.00	0.00	-45.75	0.29	0.45
ORF3A-A549-Nt	P18085	ARF4	0|6	6	3.00	2	0|0|0|0	0.50	1.00	0.50	1.00	0.50	-1.00	30.00	0.04
ORF3A-A549-Nt	P23634	ATP2B4	0|10	10	5.00	2	0|0|0|0	0.50	1.00	0.50	1.00	0.50	-1.00	50.00	0.03
ORF3A-A549-Nt	P40227	CCT6A	0|5	5	2.50	2	0|0|30|32	0.00	0.00	0.00	0.00	0.00	-137.37	0.08	0.55
ORF3A-A549-Nt	Q14573	ITPR3	0|7	7	3.50	2	0|0|0|0	0.50	1.00	0.50	1.00	0.50	-0.94	35.00	0.04
ORF3A-A549-Nt	Q14571	ITPR2	0|3	3	1.50	2	0|0|0|0	0.50	1.00	0.50	1.00	0.50	-1.05	15.00	0.07
ORF3A-A549-Nt	O75197	LRP5	0|2	2	1.00	2	0|0|0|0	0.49	0.97	0.49	0.97	0.49	-1.02	10.00	0.11
ORF3A-A549-Nt	P15311	EZR	0|12	12	6.00	2	0|0|72|78	0.00	0.00	0.00	0.00	0.00	-334.98	0.08	0.55
ORF3A-A549-Nt	P35579	MYH9	0|8	8	4.00	2	0|0|167|165	0.00	0.00	0.00	0.00	0.00	-inf	0.02	0.55
ORF3A-A549-Nt	Q13177	PAK2	0|6	6	3.00	2	0|0|50|51	0.00	0.00	0.00	0.00	0.00	-224.88	0.06	0.55
ORF3A-A549-Nt	Q16512	PKN1	0|6	6	3.00	2	0|0|38|35	0.00	0.00	0.00	0.00	0.00	-162.12	0.08	0.55
ORF3A-A549-Nt	P35610	SOAT1	0|4	4	2.00	2	0|0|0|0	0.50	1.00	0.50	1.00	0.50	-0.92	20.00	0.05
ORF3A-A549-Nt	Q07157	TJP1	0|4	4	2.00	2	0|0|152|147	0.00	0.00	0.00	0.00	0.00	-669.81	0.01	0.55
ORF3A-A549-Nt	O15438	ABCC3	0|19	19	9.50	2	0|0|0|0	0.50	1.00	0.50	1.00	0.50	-1.05	95.00	0.03
ORF3A-A549-Nt	O14641	DVL2	0|4	4	2.00	2	0|0|39|31	0.00	0.00	0.00	0.00	0.00	-155.33	0.06	0.55
ORF3A-A549-Nt	Q92997	DVL3	0|2	2	1.00	2	0|0|20|13	0.00	0.00	0.00	0.00	0.00	-72.43	0.06	0.55
ORF3A-A549-Nt	P55209	NAP1L1	0|3	3	1.50	2	0|0|8|9	0.00	0.00	0.00	0.00	0.00	-36.78	0.18	0.55
ORF3A-A549-Nt	O95793	STAU1	0|2	2	1.00	2	0|0|19|18	0.00	0.00	0.00	0.00	0.00	-80.70	0.05	0.55
ORF3A-A549-Nt	Q6P1M0	SLC27A4	0|6	6	3.00	2	0|0|0|0	0.50	1.00	0.50	1.00	0.50	-1.00	30.00	0.04
ORF3A-A549-Nt	P16401	H1-5	0|3	3	1.50	2	2|0|0|0	0.28	0.57	0.27	0.54	0.28	-3.84	1.50	0.18
ORF3A-A549-Nt	Q00341	HDLBP	0|4	4	2.00	2	0|0|56|57	0.00	0.00	0.00	0.00	0.00	-251.82	0.04	0.55
ORF3A-A549-Nt	Q8WTV0	SCARB1	0|5	5	2.50	2	0|0|0|0	0.50	1.00	0.50	1.00	0.50	-1.05	25.00	0.04
ORF3A-A549-Nt	P23528	CFL1	0|2	2	1.00	2	0|0|4|3	0.00	0.00	0.00	0.00	0.00	-14.80	0.29	0.33
ORF3A-A549-Nt	Q08378	GOLGA3	0|6	6	3.00	2	0|0|55|56	0.00	0.00	0.00	0.00	0.00	-247.41	0.05	0.55
ORF3A-A549-Nt	Q13488	TCIRG1	0|3	3	1.50	2	0|0|0|0	0.50	1.00	0.50	1.00	0.50	-0.97	15.00	0.07
ORF3A-A549-Nt	P04259	KRT6B	0|44	44	22.00	2	0|49|17|0	0.00	0.00	0.00	0.00	0.00	-145.15	0.67	0.49
ORF3A-A549-Nt	Q14847	LASP1	0|5	5	2.50	2	0|0|31|28	0.00	0.00	0.00	0.00	0.00	-130.73	0.08	0.55
ORF3A-A549-Nt	P49792	RANBP2	0|5	5	2.50	2	0|0|126|137	0.00	0.00	0.00	0.00	0.00	-588.98	0.02	0.55
ORF3A-A549-Nt	Q9Y490	TLN1	0|17	17	8.50	2	0|0|139|126	0.00	0.00	0.00	0.00	0.00	-593.45	0.06	0.55
ORF3A-A549-Nt	Q96HC4	PDLIM5	0|4	4	2.00	2	0|0|19|17	0.00	0.00	0.00	0.00	0.00	-79.22	0.11	0.55
ORF3A-A549-Nt	P54652	HSPA2	0|29	29	14.50	2	0|0|0|0	0.50	1.00	0.50	1.00	0.50	-1.05	145.00	0.03
ORF3A-A549-Nt	O43865	AHCYL1	0|4	4	2.00	2	0|0|11|11	0.00	0.00	0.00	0.00	0.00	-47.91	0.18	0.55
ORF3A-A549-Nt	Q12802	AKAP13	0|4	4	2.00	2	0|0|89|90	0.00	0.00	0.00	0.00	0.00	-400.17	0.02	0.55
ORF3A-A549-Nt	P31948	STIP1	0|6	6	3.00	2	0|0|12|12	0.00	0.00	0.00	0.00	0.00	-52.28	0.25	0.55
ORF3A-A549-Nt	O94905	ERLIN2	0|5	5	2.50	2	0|0|0|0	0.50	1.00	0.50	1.00	0.50	-1.00	25.00	0.04
ORF3A-A549-Nt	Q9UPM8	AP4E1	0|3	3	1.50	2	0|0|34|24	0.00	0.00	0.00	0.00	0.00	-128.31	0.05	0.55
ORF3A-A549-Nt	O75575	CRCP	0|2	2	1.00	2	0|0|12|13	0.00	0.00	0.00	0.00	0.00	-54.66	0.08	0.55
ORF3A-A549-Nt	Q6P996	PDXDC1	0|7	7	3.50	2	0|0|9|8	0.00	0.00	0.00	0.00	0.00	-36.86	0.41	0.41
ORF3A-A549-Nt	Q9NRG9	AAAS	0|3	3	1.50	2	0|0|0|0	0.50	1.00	0.50	1.00	0.50	-1.05	15.00	0.07
ORF3A-A549-Nt	Q8WVM8	SCFD1	0|5	5	2.50	2	0|0|3|4	0.00	0.00	0.00	0.00	0.00	-14.82	0.71	0.27
ORF3A-A549-Nt	P61106	RAB14	0|5	5	2.50	2	0|0|0|0	0.50	1.00	0.50	1.00	0.50	-1.00	25.00	0.04
ORF3A-A549-Nt	Q9H0U4	RAB1B	0|9	9	4.50	2	0|0|0|0	0.50	1.00	0.50	1.00	0.50	-0.97	45.00	0.03
ORF3A-A549-Nt	P51153	RAB13	0|5	5	2.50	2	0|0|0|0	0.50	1.00	0.50	1.00	0.50	-1.05	25.00	0.04
ORF3A-A549-Nt	O75083	WDR1	0|8	8	4.00	2	0|0|0|2	0.49	0.98	0.49	0.97	0.49	-3.84	4.00	0.11
ORF3A-A549-Nt	Q9NW15	ANO10	0|3	3	1.50	2	0|0|0|0	0.50	1.00	0.50	1.00	0.50	-1.05	15.00	0.07
ORF3A-A549-Nt	Q9Y5I3	PCDHA1	0|2	2	1.00	2	0|0|0|0	0.49	0.97	0.49	0.97	0.49	-1.05	10.00	0.11
ORF3A-A549-Nt	Q9Y5I4	PCDHAC2	0|2	2	1.00	2	0|0|0|0	0.49	0.97	0.49	0.97	0.49	-1.05	10.00	0.11
ORF3A-A549-Nt	P15121	AKR1B1	0|4	4	2.00	2	4|0|2|0	0.00	0.01	0.00	0.00	0.00	-12.59	0.67	0.27
ORF3A-A549-Nt	P30419	NMT1	0|3	3	1.50	2	0|0|6|4	0.00	0.00	0.00	0.00	0.00	-21.35	0.30	0.37
ORF3A-A549-Nt	Q96C19	EFHD2	0|4	4	2.00	2	0|0|15|12	0.00	0.00	0.00	0.00	0.00	-59.12	0.15	0.55
ORF3A-A549-Nt	O75882	ATRN	0|5	5	2.50	2	0|0|0|0	0.50	1.00	0.50	1.00	0.50	-1.05	25.00	0.04
ORF3A-A549-Nt	Q8NHP6	MOSPD2	0|3	3	1.50	2	0|0|0|0	0.50	1.00	0.50	1.00	0.50	-1.05	15.00	0.07
ORF3A-A549-Nt	Q9Y6B6	SAR1B	0|2	2	1.00	2	0|0|0|0	0.49	0.97	0.49	0.97	0.49	-1.05	10.00	0.11
ORF3A-A549-Nt	Q9H173	SIL1	0|2	2	1.00	2	0|0|0|0	0.49	0.97	0.49	0.97	0.49	-1.05	10.00	0.11
ORF3A-A549-Nt	Q9H0V9	LMAN2L	0|4	4	2.00	2	0|0|0|0	0.50	1.00	0.50	1.00	0.50	-1.05	20.00	0.05
ORF3A-A549-Nt	Q9NXB0	MKS1	0|3	3	1.50	2	0|0|0|0	0.50	1.00	0.50	1.00	0.50	-0.94	15.00	0.07
ORF3A-A549-Nt	P08243	ASNS	0|3	3	1.50	2	0|0|4|2	0.00	0.00	0.00	0.00	0.00	-12.59	0.50	0.29
ORF3A-A549-Nt	Q5JTV8	TOR1AIP1	0|5	5	2.50	2	0|0|0|0	0.50	1.00	0.50	1.00	0.50	-1.05	25.00	0.04
ORF3A-A549-Nt	P10809	HSPD1	0|3	3	1.50	2	0|0|6|3	0.00	0.00	0.00	0.00	0.00	-18.89	0.33	0.35
ORF3A-A549-Nt	Q14534	SQLE	0|2	2	1.00	2	0|0|0|0	0.49	0.97	0.49	0.97	0.49	-1.05	10.00	0.11
ORF3A-A549-Nt	Q9NP58	ABCB6	0|3	3	1.50	2	0|0|0|0	0.50	1.00	0.50	1.00	0.50	-1.05	15.00	0.07
ORF3A-A549-Nt	O15173	PGRMC2	0|2	2	1.00	2	0|0|0|0	0.49	0.97	0.49	0.97	0.49	-1.02	10.00	0.11
ORF3A-A549-Nt	Q8N5G2	MACO1	0|2	2	1.00	2	0|0|0|0	0.49	0.97	0.49	0.97	0.49	-1.05	10.00	0.11
ORF3A-A549-Nt	P50395	GDI2	0|2	2	1.00	2	0|0|2|0	0.15	0.30	0.15	0.29	0.15	-3.76	1.00	0.20
ORF3A-A549-Nt	O43795	MYO1B	0|3	3	1.50	2	0|0|7|10	0.00	0.00	0.00	0.00	0.00	-36.86	0.18	0.55
ORF3A-A549-Nt	P50454	SERPINH1	0|4	4	2.00	2	0|0|0|0	0.50	1.00	0.50	1.00	0.50	-0.75	20.00	0.05
ORF3A-A549-Nt	O95470	SGPL1	0|2	2	1.00	2	0|0|0|0	0.49	0.97	0.49	0.97	0.49	-1.00	10.00	0.11
ORF3A-A549-Nt	Q99653	CHP1	0|2	2	1.00	2	0|0|0|0	0.49	0.97	0.49	0.97	0.49	-1.05	10.00	0.11
ORF3A-A549-Nt	Q92543	SNX19	0|2	2	1.00	2	0|0|0|0	0.49	0.97	0.49	0.97	0.49	-1.05	10.00	0.11
ORF3A-A549-Nt	Q8TB61	SLC35B2	0|2	2	1.00	2	0|0|0|0	0.49	0.97	0.49	0.97	0.49	-1.00	10.00	0.11
ORF3A-A549-Nt	Q2NKX8	ERCC6L	0|3	3	1.50	2	0|0|95|90	0.00	0.00	0.00	0.00	0.00	-413.65	0.02	0.55
ORF3A-A549-Nt	P62829	RPL23	0|3	3	1.50	2	0|0|0|0	0.50	1.00	0.50	1.00	0.50	-0.54	15.00	0.07
ORF3A-A549-Nt	Q7L014	DDX46	0|2	2	1.00	2	0|0|105|100	0.00	0.00	0.00	0.00	0.00	-458.60	0.01	0.55
ORF3A-A549-Nt	Q96EA4	SPDL1	0|2	2	1.00	2	0|0|17|16	0.00	0.00	0.00	0.00	0.00	-72.52	0.06	0.55
ORF3A-A549-Nt	Q9C0C2	TNKS1BP1	0|2	2	1.00	2	0|0|109|87	0.00	0.00	0.00	0.00	0.00	-438.00	0.01	0.55
ORF3A-A549-Nt	Q5HYI8	RABL3	0|2	2	1.00	2	0|0|0|0	0.49	0.97	0.49	0.97	0.49	-1.05	10.00	0.11
ORF3A-A549-Nt	P37837	TALDO1	0|2	2	1.00	2	0|0|9|5	0.00	0.00	0.00	0.00	0.00	-30.19	0.14	0.55
ORF3A-A549-Nt	P26006	ITGA3	0|3	3	1.50	2	0|0|0|0	0.50	1.00	0.50	1.00	0.50	-0.97	15.00	0.07
ORF3A-A549-Nt	Q7Z4H7	HAUS6	0|2	2	1.00	2	0|0|67|65	0.00	0.00	0.00	0.00	0.00	-294.57	0.02	0.55
ORF3A-A549-Nt	Q9Y617	PSAT1	0|3	3	1.50	2	0|0|7|8	0.00	0.00	0.00	0.00	0.00	-32.42	0.20	0.55
ORF3A-A549-Nt	O14744	PRMT5	0|2	2	1.00	2	0|0|0|0	0.49	0.97	0.49	0.97	0.49	-1.02	10.00	0.11
ORF3A-A549-Nt	Q13438	OS9	0|2	2	1.00	2	0|0|0|0	0.49	0.97	0.49	0.97	0.49	-1.05	10.00	0.11
ORF3A-A549-Nt	Q9NRY4	ARHGAP35	0|2	2	1.00	2	0|0|55|49	0.00	0.00	0.00	0.00	0.00	-231.66	0.02	0.55
ORF3A-A549-Nt	P51610	HCFC1	0|2	2	1.00	2	0|0|32|27	0.00	0.00	0.00	0.00	0.00	-130.73	0.03	0.55
ORF3A-A549-Nt	Q7KZF4	SND1	0|2	2	1.00	2	0|0|2|0	0.15	0.30	0.14	0.28	0.15	-3.82	1.00	0.20
ORF3A-A549-Nt	Q5VT06	CEP350	0|2	2	1.00	2	0|0|51|45	0.00	0.00	0.00	0.00	0.00	-213.73	0.02	0.55
ORF3A-A549-Nt	Q2PZI1	DPY19L1	0|2	2	1.00	2	0|0|0|0	0.49	0.97	0.49	0.97	0.49	-1.05	10.00	0.11
ORF3A-A549-Nt	O75533	SF3B1	0|4	4	2.00	2	0|0|140|127	0.00	0.00	0.00	0.00	0.00	-597.97	0.01	0.55
ORF3A-A549-Nt	Q9HB71	CACYBP	0|3	3	1.50	2	0|0|2|2	0.02	0.04	0.02	0.04	0.02	-8.14	0.75	0.24
ORF3A-A549-Nt	Q9NVJ2	ARL8B	0|2	2	1.00	2	0|0|0|0	0.49	0.97	0.49	0.97	0.49	-1.05	10.00	0.11
ORF3A-A549-Nt	O15258	RER1	0|2	2	1.00	2	0|0|0|0	0.49	0.97	0.49	0.97	0.49	-1.05	10.00	0.11
