Bait	Prey	PreyGene	Spec	SpecSum	AvgSpec	NumReplicates	ctrlCounts	AvgP	MaxP	TopoAvgP	TopoMaxP	SaintScore	logOddsScore	FoldChange	BFDR	ctrlSubtracted	CLSC	Specificity
NSP12-Nt	geneid:4952;refseq:NP_000267;uniprot:Q01968	OCRL	5|6	11	5.50	2	27|23|20|21|22|0|0|0|22|24|19|23	0.00	0.00	0.00	0.00	0.00	-91.17	0.22	0.62	0	0	0
NSP12-Nt	geneid:2539;refseq:NP_000393;uniprot:P11413	G6PD	63|52	115	57.50	2	168|166|141|96|108|0|2|0|148|145|129|156	0.00	0.00	0.00	0.00	0.00	-550.50	0.35	0.62	0	0	0
NSP12-Nt	geneid:3141;refseq:NP_000402;uniprot:P50747	HLCS	8|10	18	9.00	2	3|0|0|2|0|0|7|6|3|0|0|0	0.00	0.00	0.00	0.00	0.00	-8.24	1.69	0.27	7.25	6.55	1.64
NSP12-Nt	geneid:5339;refseq:NP_000436;uniprot:Q15149	PLEC	10|16	26	13.00	2	133|121|25|49|46|0|0|0|55|55|86|85	0.00	0.00	0.00	0.00	0.00	-460.68	0.11	0.62	0	0	0
NSP12-Nt	geneid:5096;refseq:NP_000523;uniprot:P05166	PCCB	9|8	17	8.50	2	0|0|0|0|0|2|8|12|0|0|0|0	0.00	0.00	0.00	0.00	0.00	-14.69	1.16	0.39	6.67	8.11	1.36
NSP12-Nt	geneid:191;refseq:NP_000678;uniprot:P23526	AHCY	7|9	16	8.00	2	25|31|13|30|17|0|3|0|30|32|29|25	0.00	0.00	0.00	0.00	0.00	-112.45	0.26	0.62	0	0	0
NSP12-Nt	geneid:216;refseq:NP_000680;uniprot:P00352	ALDH1A1	18|20	38	19.00	2	33|40|24|24|25|9|26|3|37|31|34|34	0.00	0.00	0.00	0.00	0.00	-110.68	0.51	0.62	0	0	0
NSP12-Nt	geneid:301;refseq:NP_000691;uniprot:P04083	ANXA1	33|41	74	37.00	2	65|84|96|67|70|0|0|0|84|78|79|77	0.00	0.00	0.00	0.00	0.00	-284.51	0.42	0.62	0	0	0
NSP12-Nt	geneid:5091;refseq:NP_000911;uniprot:P11498	PC	1612|1583	3195	1597.50	2	868|884|226|225|242|1091|926|506|838|792|401|516	0.00	0.00	0.00	0.00	0.00	-inf	1.65	0.62	971.25	540.45	2.09
NSP12-Nt	geneid:6124;refseq:NP_000959;uniprot:P36578	RPL4	3|6	9	4.50	2	0|0|4|5|4|0|6|0|3|4|0|0	0.00	0.00	0.00	0.00	0.00	-14.39	0.90	0.34	2.33	3.58	0.73
NSP12-Nt	geneid:6125;refseq:NP_000960;uniprot:P46777	RPL5	9|6	15	7.50	2	27|23|4|0|3|0|3|0|21|23|17|15	0.00	0.00	0.00	0.00	0.00	-86.87	0.31	0.62	0	0	0
NSP12-Nt	geneid:6128;refseq:NP_000961;uniprot:Q02878	RPL6	11|12	23	11.50	2	19|17|12|4|12|7|4|0|16|15|14|13	0.00	0.00	0.00	0.00	0.00	-47.10	0.66	0.55	0.42	0.96	0.02
NSP12-Nt	geneid:6142;refseq:NP_000971;uniprot:Q02543	RPL18A	2|3	5	2.50	2	0|0|0|0|0|0|0|0|0|0|0|0	0.98	0.99	0.98	0.99	0.98	3.14	25.00	0.00	2.5	9.31	0.4
NSP12-Nt	geneid:6154;refseq:NP_000978;uniprot:P61254	RPL26	3|4	7	3.50	2	2|0|0|0|0|0|3|0|2|0|0|0	0.02	0.03	0.02	0.03	0.02	-4.82	1.50	0.23	2.92	13.2	0.42
NSP12-Nt	geneid:302;refseq:NP_001002857;uniprot:P07355	ANXA2	37|36	73	36.50	2	74|88|75|62|60|0|7|0|89|75|69|82	0.00	0.00	0.00	0.00	0.00	-270.65	0.42	0.62	0	0	0
NSP12-Nt	geneid:6202;refseq:NP_001003;uniprot:P62241	RPS8	4|6	10	5.00	2	3|5|0|0|0|0|7|2|8|7|5|4	0.00	0.00	0.00	0.00	0.00	-21.55	0.68	0.45	1.58	4.98	0.18
NSP12-Nt	geneid:27101;refseq:NP_001007215;uniprot:Q9HB71	CACYBP	4|6	10	5.00	2	0|3|7|4|4|0|0|0|2|2|0|0	0.00	0.00	0.00	0.00	0.00	-12.79	1.00	0.34	3.17	11.23	0.75
NSP12-Nt	geneid:7812;refseq:NP_001007554;uniprot:O75534	CSDE1	5|3	8	4.00	2	27|21|24|23|24|0|0|0|23|20|19|20	0.00	0.00	0.00	0.00	0.00	-98.85	0.16	0.62	0	0	0
NSP12-Nt	geneid:10814;refseq:NP_001008221;uniprot:Q6PUV4	CPLX2	3|2	5	2.50	2	17|12|12|7|8|0|0|0|13|14|15|17	0.00	0.00	0.00	0.00	0.00	-64.45	0.15	0.62	0	0	0
NSP12-Nt	geneid:388697;refseq:NP_001009931;uniprot:Q86YZ3	HRNR	3|0	3	1.50	2	0|0|0|0|5|0|4|0|0|0|0|0	0.00	0.00	0.00	0.00	0.00	-12.65	0.50	0.29	0.75	0.17	0.33
NSP12-Nt	geneid:7791;refseq:NP_001010972;uniprot:Q15942	ZYX	4|3	7	3.50	2	21|42|25|27|24|0|0|0|31|34|27|21	0.00	0.00	0.00	0.00	0.00	-145.61	0.10	0.62	0	0	0
NSP12-Nt	geneid:10611;refseq:NP_006448;uniprot:Q96HC4	PDLIM5	3|2	5	2.50	2	18|32|21|20|19|0|0|0|19|17|26|40	0.00	0.00	0.00	0.00	0.00	-136.12	0.08	0.62	0	0	0
NSP12-Nt	geneid:388698;refseq:NP_001014364;uniprot:Q5D862	FLG2	3|0	3	1.50	2	0|0|0|0|5|0|5|0|0|0|0|0	0.00	0.00	0.00	0.00	0.00	-14.14	0.45	0.31	0.67	0.18	0.29
NSP12-Nt	geneid:79184;refseq:NP_001018065;uniprot:P46736	BRCC3	4|5	9	4.50	2	15|22|17|10|12|0|0|0|14|17|12|13	0.00	0.00	0.00	0.00	0.00	-68.43	0.24	0.62	0	0	0
NSP12-Nt	geneid:7311;refseq:NP_001029102;uniprot:P62987	UBA52	28|25	53	26.50	2	4|15|2|3|4|0|0|0|15|10|29|35	0.00	0.00	0.00	0.00	0.00	-56.93	1.01	0.56	16.75	85.78	0.51
NSP12-Nt	geneid:55898;refseq:NP_001034764;uniprot:Q9H3U1	UNC45A	6|4	10	5.00	2	12|13|8|18|13|0|0|0|16|15|9|8	0.00	0.00	0.00	0.00	0.00	-58.52	0.31	0.62	0	0	0
NSP12-Nt	geneid:29888;refseq:NP_001034966;uniprot:Q9NRL3	STRN4	2|4	6	3.00	2	17|30|15|15|9|0|0|0|17|16|10|19	0.00	0.00	0.00	0.00	0.00	-88.90	0.14	0.62	0	0	0
NSP12-Nt	geneid:1540;refseq:NP_001035814;uniprot:Q9NQC7	CYLD	3|3	6	3.00	2	24|23|12|12|11|0|0|0|23|26|16|22	0.00	0.00	0.00	0.00	0.00	-95.95	0.12	0.62	0	0	0
NSP12-Nt	geneid:831;refseq:NP_001035905;uniprot:P20810	CAST	3|5	8	4.00	2	28|38|25|21|26|0|0|0|25|25|33|36	0.00	0.00	0.00	0.00	0.00	-145.61	0.11	0.62	0	0	0
NSP12-Nt	geneid:1982;refseq:NP_001166176;uniprot:P78344	EIF4G2	22|23	45	22.50	2	85|104|105|89|101|0|0|0|91|87|97|107	0.00	0.00	0.00	0.00	0.00	-386.74	0.21	0.62	0	0	0
NSP12-Nt	geneid:7086;refseq:NP_001055;uniprot:P29401	TKT	19|18	37	18.50	2	44|43|47|47|44|0|9|0|47|48|46|52	0.00	0.00	0.00	0.00	0.00	-159.53	0.38	0.62	0	0	0
NSP12-Nt	geneid:9612;refseq:NP_001070729;uniprot:Q9Y618	NCOR2	19|16	35	17.50	2	18|16|52|68|59|0|0|0|94|98|89|93	0.00	0.00	0.00	0.00	0.00	-360.55	0.18	0.62	0	0	0
NSP12-Nt	geneid:47;refseq:NP_001087;uniprot:P53396	ACLY	5|4	9	4.50	2	26|28|17|20|22|0|0|0|38|33|21|19	0.00	0.00	0.00	0.00	0.00	-130.36	0.14	0.62	0	0	0
NSP12-Nt	geneid:9765;refseq:NP_001098721;uniprot:Q7Z3T8	ZFYVE16	15|13	28	14.00	2	86|99|45|49|45|0|0|0|76|66|77|84	0.00	0.00	0.00	0.00	0.00	-347.11	0.16	0.62	0	0	0
NSP12-Nt	geneid:10487;refseq:NP_001099000;uniprot:Q01518	CAP1	3|0	3	1.50	2	8|9|3|4|3|0|0|0|9|7|7|5	0.00	0.00	0.00	0.00	0.00	-37.98	0.17	0.62	0	0	0
NSP12-Nt	geneid:11346;refseq:NP_009217;uniprot:Q8N3V7	SYNPO	3|0	3	1.50	2	27|26|20|26|19|0|0|0|16|23|23|26	0.00	0.00	0.00	0.00	0.00	-116.91	0.06	0.62	0	0	0
NSP12-Nt	geneid:4666;refseq:NP_001106673;uniprot:E9PAV3	NACA	2|3	5	2.50	2	6|3|7|3|5|0|0|0|7|5|2|2	0.00	0.00	0.00	0.00	0.00	-23.20	0.38	0.62	0	0	0
NSP12-Nt	geneid:9898;refseq:NP_001120792;uniprot:Q14157	UBAP2L	11|11	22	11.00	2	41|64|39|39|37|0|0|0|37|41|48|38	0.00	0.00	0.00	0.00	0.00	-185.94	0.22	0.62	0	0	0
NSP12-Nt	geneid:94121;refseq:NP_001123368;uniprot:Q96C24	SYTL4	14|11	25	12.50	2	61|58|40|28|29|0|0|0|49|48|56|50	0.00	0.00	0.00	0.00	0.00	-217.80	0.21	0.62	0	0	0
NSP12-Nt	geneid:6709;refseq:NP_001182461;uniprot:Q13813	SPTAN1	17|12	29	14.50	2	150|141|28|44|43|0|0|0|85|77|89|101	0.00	0.00	0.00	0.00	0.00	-529.54	0.11	0.62	0	0	0
NSP12-Nt	geneid:6744;refseq:NP_001123917;uniprot:P28290	ITPRID2	5|2	7	3.50	2	32|35|21|28|26|0|0|0|22|28|23|24	0.00	0.00	0.00	0.00	0.00	-131.79	0.11	0.62	0	0	0
NSP12-Nt	geneid:79139;refseq:NP_001128143;uniprot:Q9BUN8	DERL1	2|2	4	2.00	2	0|0|0|0|0|0|4|0|0|0|0|0	0.12	0.12	0.11	0.11	0.12	-2.09	1.50	0.20	1.67	4.74	0.54
NSP12-Nt	geneid:55704;refseq:NP_001129069;uniprot:Q3V6T2	CCDC88A	5|0	5	2.50	2	27|34|0|9|6|0|0|0|18|9|18|18	0.00	0.00	0.00	0.00	0.00	-116.57	0.09	0.62	0	0	0
NSP12-Nt	geneid:9825;refseq:NP_001129245;uniprot:Q9UM82	SPATA2	43|42	85	42.50	2	35|52|16|13|18|0|0|0|38|37|52|62	0.00	0.00	0.00	0.00	0.00	-136.59	0.77	0.61	15.58	19.64	2.02
NSP12-Nt	geneid:9853;refseq:NP_001129471;uniprot:Q8N2Y8	RUSC2	4|3	7	3.50	2	8|8|2|6|2|0|0|0|2|2|7|7	0.00	0.00	0.00	0.00	0.00	-24.99	0.46	0.48	0	0	0
NSP12-Nt	geneid:22827;refseq:NP_001258025;uniprot:Q9UHX1	PUF60	9|6	15	7.50	2	41|37|0|40|33|0|0|0|49|53|39|43	0.00	0.00	0.00	0.00	0.00	-190.48	0.16	0.62	0	0	0
NSP12-Nt	geneid:23111;refseq:NP_001135766;uniprot:Q8N0X7	SPART	6|4	10	5.00	2	23|38|20|22|22|0|0|0|53|44|24|27	0.00	0.00	0.00	0.00	0.00	-182.95	0.11	0.62	0	0	0
NSP12-Nt	geneid:8878;refseq:NP_001135770;uniprot:Q13501	SQSTM1	7|8	15	7.50	2	24|25|17|18|15|0|0|0|21|22|19|19	0.00	0.00	0.00	0.00	0.00	-81.48	0.32	0.62	0	0	0
NSP12-Nt	geneid:80153;refseq:NP_001135915;uniprot:Q96F86	EDC3	18|17	35	17.50	2	69|70|48|38|46|0|0|0|53|49|54|48	0.00	0.00	0.00	0.00	0.00	-226.21	0.27	0.62	0	0	0
NSP12-Nt	geneid:7798;refseq:NP_001136018;uniprot:Q86V48	LUZP1	9|12	21	10.50	2	84|94|67|65|66|0|0|0|70|76|89|79	0.00	0.00	0.00	0.00	0.00	-358.05	0.12	0.62	0	0	0
NSP12-Nt	geneid:85379;refseq:NP_001138678;uniprot:Q9BY89	KIAA1671	8|14	22	11.00	2	54|67|13|28|23|0|0|0|29|37|48|53	0.00	0.00	0.00	0.00	0.00	-225.96	0.19	0.62	0	0	0
NSP12-Nt	geneid:6729;refseq:NP_003127;uniprot:P61011	SRP54	11|9	20	10.00	2	43|44|43|36|33|0|0|0|44|48|38|37	0.00	0.00	0.00	0.00	0.00	-167.94	0.22	0.62	0	0	0
NSP12-Nt	geneid:1717;refseq:NP_001157289;uniprot:Q9UBM7	DHCR7	2|2	4	2.00	2	0|0|0|0|0|0|0|0|0|0|0|0	0.96	0.96	0.96	0.96	0.96	3.11	20.00	0.00	2	2.76	0.32
NSP12-Nt	geneid:10226;refseq:NP_001157661;uniprot:O60664	PLIN3	6|4	10	5.00	2	28|25|44|30|28|0|0|0|35|33|27|24	0.00	0.00	0.00	0.00	0.00	-149.31	0.13	0.62	0	0	0
NSP12-Nt	geneid:1465;refseq:NP_001180499;uniprot:P21291	CSRP1	3|4	7	3.50	2	6|11|4|3|4|0|0|0|8|10|10|10	0.00	0.00	0.00	0.00	0.00	-35.94	0.34	0.62	0	0	0
NSP12-Nt	geneid:22995;refseq:NP_001181927;uniprot:O94986	CEP152	3|3	6	3.00	2	23|21|11|14|13|0|0|0|20|18|22|22	0.00	0.00	0.00	0.00	0.00	-87.25	0.13	0.62	0	0	0
NSP12-Nt	geneid:10010;refseq:NP_001186064;uniprot:Q92844	TANK	2|0	2	1.00	2	16|17|16|13|14|0|0|0|20|16|16|20	0.00	0.00	0.00	0.00	0.00	-84.07	0.05	0.62	0	0	0
NSP12-Nt	geneid:832;refseq:NP_001193469;uniprot:P47756	CAPZB	2|0	2	1.00	2	15|7|13|7|12|0|0|0|10|10|6|9	0.00	0.00	0.00	0.00	0.00	-58.75	0.07	0.62	0	0	0
NSP12-Nt	geneid:5214;refseq:NP_001229268;uniprot:Q01813	PFKP	3|0	3	1.50	2	13|9|8|9|8|0|0|0|8|8|7|9	0.00	0.00	0.00	0.00	0.00	-45.38	0.15	0.62	0	0	0
NSP12-Nt	geneid:25978;refseq:NP_054762;uniprot:Q9UQN3	CHMP2B	4|3	7	3.50	2	7|5|8|4|6|0|0|0|4|5|4|7	0.00	0.00	0.00	0.00	0.00	-23.64	0.48	0.62	0	0	0
NSP12-Nt	geneid:7295;refseq:NP_001231867;uniprot:P10599	TXN	16|14	30	15.00	2	83|74|24|17|19|0|2|3|136|48|45|79	0.00	0.00	0.00	0.00	0.00	-384.81	0.15	0.62	0	0	0
NSP12-Nt	geneid:2804;refseq:NP_001243415;uniprot:Q14789	GOLGB1	12|11	23	11.50	2	123|149|34|48|54|0|0|0|57|78|113|119	0.00	0.00	0.00	0.00	0.00	-532.33	0.09	0.62	0	0	0
NSP12-Nt	geneid:8603;refseq:NP_001243596;uniprot:P78312	FAM193A	4|4	8	4.00	2	14|9|3|6|7|0|0|0|9|7|12|10	0.00	0.00	0.00	0.00	0.00	-40.39	0.33	0.62	0	0	0
NSP12-Nt	geneid:2597;refseq:NP_002037;uniprot:P04406	GAPDH	13|15	28	14.00	2	24|26|6|3|12|0|28|12|26|25|24|16	0.00	0.00	0.00	0.00	0.00	-79.89	0.53	0.62	0	0	0
NSP12-Nt	geneid:23189;refseq:NP_001243805;uniprot:Q14678	KANK1	15|16	31	15.50	2	75|94|7|11|14|0|0|0|70|67|66|75	0.00	0.00	0.00	0.00	0.00	-304.56	0.19	0.62	0	0	0
NSP12-Nt	geneid:2036;refseq:NP_001245260;uniprot:Q9H4G0	EPB41L1	2|3	5	2.50	2	52|59|39|37|48|0|0|0|35|29|47|47	0.00	0.00	0.00	0.00	0.00	-226.50	0.05	0.62	0	0	0
NSP12-Nt	geneid:54801;refseq:NP_060115;uniprot:Q7Z4H7	HAUS6	19|18	37	18.50	2	60|71|56|60|57|0|0|0|67|65|59|52	0.00	0.00	0.00	0.00	0.00	-237.60	0.27	0.62	0	0	0
NSP12-Nt	geneid:10131;refseq:NP_001258978;uniprot:Q12931	TRAP1	4|4	8	4.00	2	10|9|0|0|0|0|0|0|0|0|0|0	0.00	0.00	0.00	0.00	0.00	-17.12	0.63	0.43	2.42	2.44	0.25
NSP12-Nt	geneid:1975;refseq:NP_001408;uniprot:P23588	EIF4B	21|23	44	22.00	2	86|112|61|60|59|0|0|0|89|97|78|87	0.00	0.00	0.00	0.00	0.00	-363.92	0.22	0.62	0	0	0
NSP12-Nt	geneid:3476;refseq:NP_001542;uniprot:P78318	IGBP1	12|12	24	12.00	2	34|28|39|29|31|0|0|0|36|40|30|34	0.00	0.00	0.00	0.00	0.00	-130.03	0.31	0.62	0	0	0
NSP12-Nt	geneid:1938;refseq:NP_001952;uniprot:P13639	EEF2	11|9	20	10.00	2	47|48|40|29|41|0|0|0|51|44|39|43	0.00	0.00	0.00	0.00	0.00	-182.26	0.21	0.62	0	0	0
NSP12-Nt	geneid:3329;refseq:NP_002147;uniprot:P10809	HSPD1	10|6	16	8.00	2	21|20|5|3|2|0|0|0|6|3|0|0	0.00	0.00	0.00	0.00	0.00	-50.16	0.51	0.54	3	3.43	0.21
NSP12-Nt	geneid:3728;refseq:NP_002221;uniprot:P14923	JUP	5|5	10	5.00	2	21|19|16|17|47|0|12|2|25|22|20|18	0.00	0.00	0.00	0.00	0.00	-119.06	0.16	0.62	0	0	0
NSP12-Nt	geneid:5250;refseq:NP_002626;uniprot:Q00325	SLC25A3	7|8	15	7.50	2	9|8|0|0|0|0|3|2|7|8|19|13	0.00	0.00	0.00	0.00	0.00	-40.38	0.55	0.54	1.75	3.18	0.09
NSP12-Nt	geneid:5976;refseq:NP_002902;uniprot:Q92900	UPF1	11|11	22	11.00	2	70|56|81|58|61|0|0|0|55|54|51|58	0.00	0.00	0.00	0.00	0.00	-271.00	0.16	0.62	0	0	0
NSP12-Nt	geneid:6711;refseq:NP_003119;uniprot:Q01082	SPTBN1	5|2	7	3.50	2	52|47|7|22|5|0|0|0|22|14|34|25	0.00	0.00	0.00	0.00	0.00	-187.72	0.08	0.62	0	0	0
NSP12-Nt	geneid:6774;refseq:NP_003141;uniprot:P40763	STAT3	17|17	34	17.00	2	93|93|63|65|61|0|0|0|94|78|77|81	0.00	0.00	0.00	0.00	0.00	-350.23	0.18	0.62	0	0	0
NSP12-Nt	geneid:6786;refseq:NP_003147;uniprot:Q13586	STIM1	7|7	14	7.00	2	52|56|43|37|40|0|0|0|42|46|48|45	0.00	0.00	0.00	0.00	0.00	-203.09	0.13	0.62	0	0	0
NSP12-Nt	geneid:7265;refseq:NP_003305;uniprot:Q99614	TTC1	5|2	7	3.50	2	9|10|6|6|3|0|0|0|9|7|5|4	0.00	0.00	0.00	0.00	0.00	-34.35	0.38	0.51	0	0	0
NSP12-Nt	geneid:8667;refseq:NP_003747;uniprot:O15372	EIF3H	2|0	2	1.00	2	8|14|13|6|12|0|0|0|14|15|14|11	0.00	0.00	0.00	0.00	0.00	-63.22	0.07	0.62	0	0	0
NSP12-Nt	geneid:2194;refseq:NP_004095;uniprot:P49327	FASN	51|59	110	55.00	2	184|174|71|83|105|0|0|0|134|124|131|137	0.00	0.00	0.00	0.00	0.00	-559.49	0.33	0.62	0	0	0
NSP12-Nt	geneid:9320;refseq:NP_004229;uniprot:Q14669	TRIP12	3|4	7	3.50	2	22|23|25|29|43|0|0|0|41|38|34|43	0.00	0.00	0.00	0.00	0.00	-175.01	0.08	0.62	0	0	0
NSP12-Nt	geneid:9322;refseq:NP_004231;uniprot:Q15642	TRIP10	5|3	8	4.00	2	7|9|9|5|6|0|0|0|17|14|8|5	0.00	0.00	0.00	0.00	0.00	-48.56	0.30	0.62	0	0	0
NSP12-Nt	geneid:2909;refseq:NP_004482;uniprot:Q9NRY4	ARHGAP35	9|6	15	7.50	2	57|58|38|37|53|0|0|0|55|49|46|58	0.00	0.00	0.00	0.00	0.00	-231.33	0.13	0.62	0	0	0
NSP12-Nt	geneid:6633;refseq:NP_004588;uniprot:P62316	SNRPD2	3|0	3	1.50	2	6|4|14|10|7|0|0|0|22|23|19|24	0.00	0.00	0.00	0.00	0.00	-101.97	0.07	0.62	0	0	0
NSP12-Nt	geneid:7268;refseq:NP_004614;uniprot:O95801	TTC4	3|3	6	3.00	2	0|0|0|0|0|0|0|0|0|0|0|0	0.99	0.99	0.99	0.99	0.99	4.96	30.00	0.00	3	5.08	1.54
NSP12-Nt	geneid:4646;refseq:NP_004990;uniprot:Q9UM54	MYO6	13|12	25	12.50	2	101|89|43|53|49|0|0|0|61|64|75|78	0.00	0.00	0.00	0.00	0.00	-348.90	0.14	0.62	0	0	0
NSP12-Nt	geneid:7706;refseq:NP_005073;uniprot:Q14258	TRIM25	6|3	9	4.50	2	33|34|28|29|23|0|0|0|28|33|26|20	0.00	0.00	0.00	0.00	0.00	-135.35	0.13	0.62	0	0	0
NSP12-Nt	geneid:8021;refseq:NP_005076;uniprot:P35658	NUP214	25|28	53	26.50	2	113|143|61|75|68|0|0|0|68|75|82|93	0.00	0.00	0.00	0.00	0.00	-424.30	0.23	0.62	0	0	0
NSP12-Nt	geneid:6009;refseq:NP_005605;uniprot:Q15382	RHEB	3|0	3	1.50	2	7|7|19|11|16|0|0|0|12|11|9|8	0.00	0.00	0.00	0.00	0.00	-69.18	0.10	0.62	0	0	0
NSP12-Nt	geneid:10059;refseq:NP_005681;uniprot:O00429	DNM1L	6|4	10	5.00	2	54|65|46|40|44|0|0|0|42|48|42|51	0.00	0.00	0.00	0.00	0.00	-234.43	0.09	0.62	0	0	0
NSP12-Nt	geneid:10240;refseq:NP_005821;uniprot:Q92665	MRPS31	4|5	9	4.50	2	47|40|0|0|0|0|0|0|0|0|0|0	0.00	0.00	0.00	0.00	0.00	-111.50	0.16	0.62	0	0	0
NSP12-Nt	geneid:4144;refseq:NP_005902;uniprot:P31153	MAT2A	3|3	6	3.00	2	6|3|7|4|5|0|0|0|8|5|6|5	0.00	0.00	0.00	0.00	0.00	-22.28	0.43	0.62	0	0	0
NSP12-Nt	geneid:10399;refseq:NP_006089;uniprot:P63244	RACK1	10|6	16	8.00	2	5|2|6|0|5|6|17|2|9|6|4|0	0.00	0.00	0.00	0.00	0.00	-30.33	0.75	0.49	2.83	5.85	0.31
NSP12-Nt	geneid:5108;refseq:NP_006188;uniprot:Q15154	PCM1	10|9	19	9.50	2	35|39|10|12|19|0|0|0|16|14|14|14	0.00	0.00	0.00	0.00	0.00	-106.49	0.31	0.62	0	0	0
NSP12-Nt	geneid:5901;refseq:NP_006316;uniprot:P62826	RAN	11|7	18	9.00	2	7|13|6|8|9|14|7|3|17|16|15|13	0.00	0.00	0.00	0.00	0.00	-49.88	0.56	0.55	0	0	0
NSP12-Nt	geneid:143;refseq:NP_006428;uniprot:Q9UKK3	PARP4	17|21	38	19.00	2	65|87|19|32|32|0|0|0|39|35|50|49	0.00	0.00	0.00	0.00	0.00	-238.21	0.28	0.62	0	0	0
NSP12-Nt	geneid:6513;refseq:NP_006507;uniprot:P11166	SLC2A1	3|2	5	2.50	2	0|2|0|0|0|0|0|0|0|0|3|3	0.00	0.00	0.00	0.00	0.00	-7.51	0.94	0.28	1.83	2.44	0.27
NSP12-Nt	geneid:10694;refseq:NP_006576;uniprot:P50990	CCT8	198|213	411	205.50	2	234|256|225|182|181|0|0|0|290|266|193|219	0.00	0.00	0.00	0.00	0.00	-677.77	0.76	0.62	35	41.87	0.53
NSP12-Nt	geneid:10726;refseq:NP_006591;uniprot:Q9Y266	NUDC	33|38	71	35.50	2	17|22|25|23|24|0|0|0|23|33|22|22	0.00	0.00	0.00	0.00	0.00	-49.54	1.30	0.55	17.92	35.49	7.09
NSP12-Nt	geneid:10963;refseq:NP_006810;uniprot:P31948	STIP1	4|4	8	4.00	2	33|35|18|11|15|0|0|0|12|12|4|7	0.00	0.00	0.00	0.00	0.00	-111.06	0.14	0.62	0	0	0
NSP12-Nt	geneid:11313;refseq:NP_009191;uniprot:O95372	LYPLA2	8|5	13	6.50	2	62|32|48|31|35|0|0|0|31|39|19|24	0.00	0.00	0.00	0.00	0.00	-199.44	0.13	0.62	0	0	0
NSP12-Nt	geneid:22948;refseq:NP_036205;uniprot:P48643	CCT5	4|6	10	5.00	2	16|18|25|21|15|0|0|0|22|19|14|16	0.00	0.00	0.00	0.00	0.00	-85.55	0.22	0.62	0	0	0
NSP12-Nt	geneid:23607;refseq:NP_036252;uniprot:Q9Y5K6	CD2AP	18|17	35	17.50	2	76|68|71|67|71|0|0|0|64|68|68|70	0.00	0.00	0.00	0.00	0.00	-261.59	0.24	0.62	0	0	0
NSP12-Nt	geneid:22941;refseq:NP_036441;uniprot:Q9UPX8	SHANK2	5|6	11	5.50	2	56|64|21|27|26|0|0|0|54|46|47|48	0.00	0.00	0.00	0.00	0.00	-236.47	0.09	0.62	0	0	0
NSP12-Nt	geneid:25782;refseq:NP_036546;uniprot:Q9H2M9	RAB3GAP2	6|2	8	4.00	2	48|37|25|37|31|0|0|0|41|43|41|43	0.00	0.00	0.00	0.00	0.00	-189.43	0.09	0.62	0	0	0
NSP12-Nt	geneid:23450;refseq:NP_036558;uniprot:Q15393	SF3B3	4|2	6	3.00	2	30|29|23|24|20|0|0|0|27|27|29|28	0.00	0.00	0.00	0.00	0.00	-121.45	0.10	0.62	0	0	0
NSP12-Nt	geneid:23528;refseq:NP_036614;uniprot:Q9Y2X9	ZNF281	13|8	21	10.50	2	26|40|51|54|53|0|0|0|82|90|78|75	0.00	0.00	0.00	0.00	0.00	-336.81	0.13	0.62	0	0	0
NSP12-Nt	geneid:26509;refseq:NP_038479;uniprot:Q9NZM1	MYOF	6|3	9	4.50	2	74|78|28|45|36|0|0|0|48|30|57|47	0.00	0.00	0.00	0.00	0.00	-296.09	0.06	0.62	0	0	0
NSP12-Nt	geneid:27131;refseq:NP_055241;uniprot:Q9Y5X3	SNX5	4|4	8	4.00	2	9|11|21|13|16|0|0|0|9|11|7|11	0.00	0.00	0.00	0.00	0.00	-59.94	0.24	0.62	0	0	0
NSP12-Nt	geneid:9748;refseq:NP_055535;uniprot:Q9H2G2	SLK	12|11	23	11.50	2	57|55|29|34|29|0|0|0|35|46|37|41	0.00	0.00	0.00	0.00	0.00	-193.44	0.22	0.62	0	0	0
NSP12-Nt	geneid:9857;refseq:NP_055625;uniprot:Q5VT06	CEP350	56|50	106	53.00	2	86|88|7|14|14|0|0|0|51|45|51|63	0.00	0.00	0.00	0.00	0.00	-212.13	0.67	0.61	18.08	3.8	0.67
NSP12-Nt	geneid:9879;refseq:NP_055644;uniprot:Q7L014	DDX46	3|4	7	3.50	2	20|22|80|90|102|0|0|0|105|100|114|131	0.00	0.00	0.00	0.00	0.00	-505.87	0.03	0.62	0	0	0
NSP12-Nt	geneid:9919;refseq:NP_055681;uniprot:O15027	SEC16A	14|16	30	15.00	2	65|83|42|44|49|0|0|0|51|52|51|56	0.00	0.00	0.00	0.00	0.00	-249.93	0.22	0.62	0	0	0
NSP12-Nt	geneid:11333;refseq:NP_055706;uniprot:Q13442	PDAP1	2|2	4	2.00	2	13|7|12|13|10|0|0|0|13|12|7|7	0.00	0.00	0.00	0.00	0.00	-50.01	0.15	0.62	0	0	0
NSP12-Nt	geneid:23077;refseq:NP_055872;uniprot:O75592	MYCBP2	12|8	20	10.00	2	0|0|0|0|0|0|0|0|0|0|0|0	1.00	1.00	1.00	1.00	1.00	13.20	100.00	0.00	10	1.4	2.21
NSP12-Nt	geneid:7840;refseq:NP_055935;uniprot:Q8TCU4	ALMS1	20|17	37	18.50	2	63|55|20|30|31|0|0|0|43|44|43|48	0.00	0.00	0.00	0.00	0.00	-188.43	0.33	0.62	0	0	0
NSP12-Nt	geneid:23164;refseq:NP_055949;uniprot:Q6WCQ1	MPRIP	4|0	4	2.00	2	78|74|33|36|36|0|0|0|57|54|68|64	0.00	0.00	0.00	0.00	0.00	-327.90	0.03	0.62	0	0	0
NSP12-Nt	geneid:23513;refseq:NP_056171;uniprot:Q14160	SCRIB	7|11	18	9.00	2	72|72|36|37|38|0|0|0|52|54|48|61	0.00	0.00	0.00	0.00	0.00	-274.54	0.13	0.62	0	0	0
NSP12-Nt	geneid:25885;refseq:NP_056240;uniprot:O95602	POLR1A	4|12	16	8.00	2	18|12|4|3|7|0|0|0|3|4|6|0	0.00	0.00	0.00	0.00	0.00	-41.45	0.65	0.50	3.25	1.24	0.59
NSP12-Nt	geneid:51637;refseq:NP_057123;uniprot:Q9Y224	RTRAF	3|3	6	3.00	2	5|6|12|6|11|0|0|0|8|7|4|8	0.00	0.00	0.00	0.00	0.00	-35.94	0.29	0.62	0	0	0
NSP12-Nt	geneid:51397;refseq:NP_057228;uniprot:Q9Y6G5	COMMD10	6|4	10	5.00	2	9|7|10|9|8|0|0|0|14|13|8|8	0.00	0.00	0.00	0.00	0.00	-41.78	0.41	0.62	0	0	0
NSP12-Nt	geneid:51495;refseq:NP_057479;uniprot:Q9P035	HACD3	6|4	10	5.00	2	4|4|0|0|0|0|0|0|5|5|3|0	0.00	0.00	0.00	0.00	0.00	-11.65	1.07	0.33	3.25	5.89	0.31
NSP12-Nt	geneid:54821;refseq:NP_060139;uniprot:Q2NKX8	ERCC6L	15|11	26	13.00	2	69|89|54|61|65|0|0|0|95|90|88|98	0.00	0.00	0.00	0.00	0.00	-374.29	0.14	0.62	0	0	0
NSP12-Nt	geneid:55011;refseq:NP_060386;uniprot:Q9NWS0	PIH1D1	2|2	4	2.00	2	0|0|5|3|2|0|0|0|0|0|0|0	0.00	0.00	0.00	0.00	0.00	-9.93	0.60	0.33	1.17	2.64	8.64
NSP12-Nt	geneid:55667;refseq:NP_060395;uniprot:Q5VZ89	DENND4C	5|7	12	6.00	2	56|53|16|25|28|0|0|0|40|30|46|49	0.00	0.00	0.00	0.00	0.00	-213.00	0.11	0.62	0	0	0
NSP12-Nt	geneid:55094;refseq:NP_060495;uniprot:Q9BRR8	GPATCH1	49|46	95	47.50	2	96|64|70|63|63|0|0|0|76|85|74|72	0.00	0.00	0.00	0.00	0.00	-246.46	0.55	0.62	0	0	0
NSP12-Nt	geneid:55699;refseq:NP_060530;uniprot:Q9NSE4	IARS2	16|14	30	15.00	2	63|70|9|6|5|0|0|0|14|13|9|8	0.00	0.00	0.00	0.00	0.00	-168.19	0.31	0.62	0	0	0
NSP12-Nt	geneid:3070;refseq:NP_060533;uniprot:Q9NRZ9	HELLS	22|23	45	22.50	2	69|68|125|118|114|0|0|0|215|218|169|202	0.00	0.00	0.00	0.00	0.00	-inf	0.11	0.62	0	0	0
NSP12-Nt	geneid:55785;refseq:NP_060821;uniprot:Q6ZV73	FGD6	6|3	9	4.50	2	31|33|13|31|26|0|0|0|27|27|26|27	0.00	0.00	0.00	0.00	0.00	-128.03	0.14	0.62	0	0	0
NSP12-Nt	geneid:55833;refseq:NP_060919;uniprot:Q5T6F2	UBAP2	7|7	14	7.00	2	26|35|22|23|24|0|0|0|32|29|35|36	0.00	0.00	0.00	0.00	0.00	-130.98	0.20	0.62	0	0	0
NSP12-Nt	geneid:56922;refseq:NP_064551;uniprot:Q96RQ3	MCCC1	427|402	829	414.50	2	206|216|42|44|49|198|245|170|159|146|138|153	0.00	0.00	0.00	0.00	0.00	-228.79	1.86	0.61	267.33	241.7	2.39
NSP12-Nt	geneid:56949;refseq:NP_064581;uniprot:Q9HCS7	XAB2	38|36	74	37.00	2	108|110|117|115|114|0|0|0|208|202|157|190	0.00	0.00	0.00	0.00	0.00	-inf	0.18	0.62	0	0	0
NSP12-Nt	geneid:57122;refseq:NP_065134;uniprot:P57740	NUP107	4|0	4	2.00	2	18|18|17|18|18|0|0|0|19|20|13|14	0.00	0.00	0.00	0.00	0.00	-84.07	0.11	0.62	0	0	0
NSP12-Nt	geneid:57559;refseq:NP_065850;uniprot:Q96FJ0	STAMBPL1	4|4	8	4.00	2	27|34|26|21|22|0|0|0|30|24|27|23	0.00	0.00	0.00	0.00	0.00	-118.74	0.13	0.62	0	0	0
NSP12-Nt	geneid:57606;refseq:NP_065897;uniprot:Q9P270	SLAIN2	2|2	4	2.00	2	32|18|31|26|27|0|0|0|20|22|24|23	0.00	0.00	0.00	0.00	0.00	-124.39	0.07	0.62	0	0	0
NSP12-Nt	geneid:64427;refseq:NP_071937;uniprot:Q49AM3	TTC31	4|0	4	2.00	2	0|0|0|0|0|0|0|0|0|0|0|0	0.50	1.00	0.50	1.00	0.50	-1.43	20.00	0.05	2	2.53	11.56
NSP12-Nt	geneid:64682;refseq:NP_073153;uniprot:Q9H1A4	ANAPC1	4|6	10	5.00	2	32|35|13|16|19|0|0|0|33|32|26|22	0.00	0.00	0.00	0.00	0.00	-131.82	0.15	0.62	0	0	0
NSP12-Nt	geneid:64848;refseq:NP_073739;uniprot:Q9H6S0	YTHDC2	6|5	11	5.50	2	45|30|15|21|29|0|0|0|23|17|27|24	0.00	0.00	0.00	0.00	0.00	-133.99	0.16	0.62	0	0	0
NSP12-Nt	geneid:65263;refseq:NP_075566;uniprot:Q53H96	PYCR3	3|4	7	3.50	2	6|7|2|3|3|0|0|0|6|4|8|9	0.00	0.00	0.00	0.00	0.00	-26.32	0.44	0.62	0	0	0
NSP12-Nt	geneid:79598;refseq:NP_078824;uniprot:Q8IW35	CEP97	5|4	9	4.50	2	31|40|18|25|20|0|0|0|40|34|25|31	0.00	0.00	0.00	0.00	0.00	-152.23	0.12	0.62	0	0	0
NSP12-Nt	geneid:79789;refseq:NP_079010;uniprot:Q96JQ2	CLMN	7|4	11	5.50	2	29|28|15|14|19|0|0|0|26|24|34|34	0.00	0.00	0.00	0.00	0.00	-127.46	0.17	0.62	0	0	0
NSP12-Nt	geneid:55125;refseq:NP_115518;uniprot:Q8TEP8	CEP192	4|3	7	3.50	2	17|11|3|6|9|0|0|0|10|5|8|9	0.00	0.00	0.00	0.00	0.00	-45.78	0.28	0.62	0	0	0
NSP12-Nt	geneid:94056;refseq:NP_116185;uniprot:Q96A49	SYAP1	4|5	9	4.50	2	28|29|30|21|27|0|0|0|23|23|21|26	0.00	0.00	0.00	0.00	0.00	-112.94	0.16	0.62	0	0	0
NSP12-Nt	geneid:84919;refseq:NP_116222;uniprot:Q5SWA1	PPP1R15B	2|2	4	2.00	2	16|12|8|5|6|0|0|0|28|21|18|21	0.00	0.00	0.00	0.00	0.00	-95.05	0.09	0.62	0	0	0
NSP12-Nt	geneid:91754;refseq:NP_149107;uniprot:Q8TD19	NEK9	4|6	10	5.00	2	39|25|16|17|21|0|0|0|21|15|15|25	0.00	0.00	0.00	0.00	0.00	-115.56	0.17	0.62	0	0	0
NSP12-Nt	geneid:6836;refseq:NP_149351;uniprot:O15260	SURF4	3|3	6	3.00	2	6|6|2|0|0|0|0|0|6|5|4|4	0.00	0.00	0.00	0.00	0.00	-18.32	0.50	0.44	0.25	0.61	0.03
NSP12-Nt	geneid:85456;refseq:NP_203754;uniprot:Q9C0C2	TNKS1BP1	25|25	50	25.00	2	124|125|73|76|78|0|0|0|109|87|108|100	0.00	0.00	0.00	0.00	0.00	-437.89	0.21	0.62	0	0	0
NSP12-Nt	geneid:158427;refseq:NP_640339;uniprot:Q5T7W7	TSTD2	6|3	9	4.50	2	19|18|19|15|15|0|0|0|17|16|15|15	0.00	0.00	0.00	0.00	0.00	-71.38	0.24	0.62	0	0	0
NSP12-Nt	geneid:134430;refseq:NP_644810;uniprot:Q8NI36	WDR36	4|3	7	3.50	2	27|25|55|51|46|0|0|0|40|37|34|37	0.00	0.00	0.00	0.00	0.00	-211.88	0.07	0.62	0	0	0
NSP12-Nt	geneid:90861;refseq:NP_653171;uniprot:Q9H910	JPT2	8|9	17	8.50	2	18|22|22|17|19|0|0|0|50|55|22|25	0.00	0.00	0.00	0.00	0.00	-161.57	0.20	0.62	0	0	0
NSP12-Nt	geneid:134492;refseq:NP_660309;uniprot:Q8WVJ2	NUDCD2	2|3	5	2.50	2	0|0|0|0|0|0|0|0|2|2|2|0	0.02	0.03	0.02	0.02	0.02	-5.13	1.25	0.23	2	8.35	1.73
NSP12-Nt	geneid:219988;refseq:NP_689929;uniprot:Q86TB9	PATL1	3|3	6	3.00	2	19|25|29|29|22|0|0|0|16|19|14|25	0.00	0.00	0.00	0.00	0.00	-110.50	0.11	0.62	0	0	0
NSP12-Nt	geneid:253260;refseq:NP_689969;uniprot:Q6R327	RICTOR	5|0	5	2.50	2	28|44|4|14|14|0|0|0|23|19|8|14	0.00	0.00	0.00	0.00	0.00	-140.27	0.08	0.62	0	0	0
NSP12-Nt	geneid:131544;refseq:NP_705833;uniprot:Q68DQ2	CRYBG3	15|12	27	13.50	2	68|52|20|31|36|0|0|0|50|43|51|61	0.00	0.00	0.00	0.00	0.00	-223.46	0.22	0.62	0	0	0
NSP12-Nt	geneid:126353;refseq:NP_775752;uniprot:Q8IVT2	MISP	7|4	11	5.50	2	29|49|32|31|39|0|0|0|42|39|43|43	0.00	0.00	0.00	0.00	0.00	-182.97	0.12	0.62	0	0	0
NSP12-Nt	geneid:283237;refseq:NP_776171;uniprot:Q8N5M4	TTC9C	2|3	5	2.50	2	4|0|3|0|5|0|0|0|2|3|2|4	0.00	0.00	0.00	0.00	0.00	-13.77	0.58	0.38	0.58	2.22	0.6
NSP12-Nt	geneid:128866;refseq:NP_789782;uniprot:Q9H444	CHMP4B	3|2	5	2.50	2	5|7|17|16|16|0|0|0|12|9|9|15	0.00	0.00	0.00	0.00	0.00	-64.45	0.15	0.62	0	0	0
NSP12-Nt	geneid:2908;refseq:NP_000167;uniprot:P04150	NR3C1	4|3	7	3.50	2	31|32|30|32|30|0|0|0|39|38|33|38	0.00	0.00	0.00	0.00	0.00	-157.36	0.09	0.62	0	0	0
NSP12-Nt	geneid:3857;refseq:NP_000217;uniprot:P35527	KRT9	98|79	177	88.50	2	20|3|24|30|176|34|94|59|20|91|41|64	0.00	0.00	0.00	0.00	0.00	-316.58	0.74	0.62	33.83	35.59	0.97
NSP12-Nt	geneid:3858;refseq:NP_000412;uniprot:P13645	KRT10	82|77	159	79.50	2	23|10|16|92|242|139|87|76|70|43|59|29	0.00	0.00	0.00	0.00	0.00	-467.29	0.50	0.62	5.67	6.36	0.16
NSP12-Nt	geneid:3875;refseq:NP_000215;uniprot:P05783	KRT18	39|37	76	38.00	2	227|203|176|133|142|0|8|0|189|169|144|165	0.00	0.00	0.00	0.00	0.00	-inf	0.18	0.62	0	0	0
NSP12-Nt	geneid:3861;refseq:NP_000517;uniprot:P02533	KRT14	27|43	70	35.00	2	0|0|0|19|76|0|58|43|8|13|10|13	0.00	0.00	0.00	0.00	0.00	-179.13	0.59	0.61	15	20.83	0.72
NSP12-Nt	geneid:3868;refseq:NP_005548;uniprot:P08779	KRT16	21|41	62	31.00	2	0|0|0|17|60|0|35|50|0|12|0|12	0.00	0.00	0.00	0.00	0.00	-149.38	0.64	0.60	15.5	21.48	1
NSP12-Nt	geneid:5095;refseq:NP_000273;uniprot:P05165	PCCA	491|499	990	495.00	2	214|208|142|106|99|396|299|235|181|164|163|188	0.00	0.00	0.00	0.00	0.00	-420.95	1.60	0.62	295.42	266	3.33
NSP12-Nt	geneid:218;refseq:NP_000682;uniprot:P30838	ALDH3A1	7|7	14	7.00	2	21|23|14|11|13|0|0|0|16|16|16|17	0.00	0.00	0.00	0.00	0.00	-67.61	0.34	0.62	0	0	0
NSP12-Nt	geneid:6122;refseq:NP_000958;uniprot:P39023	RPL3	19|15	34	17.00	2	13|17|3|3|0|0|5|0|26|22|19|24	0.00	0.00	0.00	0.00	0.00	-65.36	0.71	0.57	6	9.76	0.15
NSP12-Nt	geneid:6188;refseq:NP_000996;uniprot:P23396	RPS3	4|4	8	4.00	2	2|0|0|0|0|0|5|0|4|3|4|2	0.00	0.00	0.00	0.00	0.00	-10.40	0.92	0.34	2.33	6.29	0.15
NSP12-Nt	geneid:57509;refseq:NP_001001924;uniprot:Q9ULD2	MTUS1	40|40	80	40.00	2	168|207|64|50|85|0|0|0|158|138|148|163	0.00	0.00	0.00	0.00	0.00	-650.36	0.22	0.62	0	0	0
NSP12-Nt	geneid:55914;refseq:NP_001240626;uniprot:Q96RT1	ERBIN	20|18	38	19.00	2	89|126|46|60|50|0|0|0|65|69|89|69	0.00	0.00	0.00	0.00	0.00	-381.01	0.19	0.62	0	0	0
NSP12-Nt	geneid:6232;refseq:NP_001021;uniprot:P42677	RPS27	6|5	11	5.50	2	3|0|0|0|0|0|3|0|5|0|0|4	0.00	0.00	0.00	0.00	0.00	-7.77	1.38	0.28	4.25	33.17	0.55
NSP12-Nt	geneid:63892;refseq:NP_001077422;uniprot:Q6YHU6	THADA	26|21	47	23.50	2	142|145|37|50|50|0|0|0|102|91|73|85	0.00	0.00	0.00	0.00	0.00	-494.13	0.18	0.62	0	0	0
NSP12-Nt	geneid:1500;refseq:NP_001078927;uniprot:O60716	CTNND1	4|3	7	3.50	2	36|32|32|26|35|0|0|0|33|36|35|30	0.00	0.00	0.00	0.00	0.00	-145.61	0.10	0.62	0	0	0
NSP12-Nt	geneid:7296;refseq:NP_001087240;uniprot:Q16881	TXNRD1	5|4	9	4.50	2	29|30|10|6|8|0|0|0|43|42|28|39	0.00	0.00	0.00	0.00	0.00	-166.85	0.11	0.62	0	0	0
NSP12-Nt	geneid:58;refseq:NP_001091;uniprot:P68133	ACTA1	4|6	10	5.00	2	6|0|0|0|11|0|0|2|6|5|0|0	0.00	0.00	0.00	0.00	0.00	-22.98	0.65	0.46	2.5	4.35	0.34
NSP12-Nt	geneid:26058;refseq:NP_001096616;uniprot:Q6Y7W6	GIGYF2	23|27	50	25.00	2	91|85|31|39|47|0|0|0|68|75|67|79	0.00	0.00	0.00	0.00	0.00	-297.32	0.29	0.62	0	0	0
NSP12-Nt	geneid:2316;refseq:NP_001104026;uniprot:P21333	FLNA	205|209	414	207.00	2	622|654|381|328|452|0|0|0|503|441|474|542	0.00	0.00	0.00	0.00	0.00	-inf	0.34	0.62	0	0	0
NSP12-Nt	geneid:2317;refseq:NP_001157789;uniprot:O75369	FLNB	57|56	113	56.50	2	279|286|119|140|157|0|0|0|217|197|211|238	0.00	0.00	0.00	0.00	0.00	-inf	0.21	0.62	0	0	0
NSP12-Nt	geneid:7430;refseq:NP_001104547;uniprot:P15311	EZR	17|16	33	16.50	2	72|96|68|61|76|0|0|0|72|78|79|75	0.00	0.00	0.00	0.00	0.00	-314.52	0.20	0.62	0	0	0
NSP12-Nt	geneid:22998;refseq:NP_001106188;uniprot:Q9UPQ0	LIMCH1	17|15	32	16.00	2	131|128|54|58|62|0|0|0|90|91|108|124	0.00	0.00	0.00	0.00	0.00	-506.18	0.13	0.62	0	0	0
NSP12-Nt	geneid:10801;refseq:NP_001106963;uniprot:Q9UHD8	SEPTIN9	5|5	10	5.00	2	46|62|66|49|61|0|0|0|56|56|54|52	0.00	0.00	0.00	0.00	0.00	-258.51	0.08	0.62	0	0	0
NSP12-Nt	geneid:57698;refseq:NP_001120683;uniprot:A0MZ66	SHTN1	13|11	24	12.00	2	46|42|50|36|39|0|0|0|51|56|42|56	0.00	0.00	0.00	0.00	0.00	-200.61	0.22	0.62	0	0	0
NSP12-Nt	geneid:2935;refseq:NP_001123478;uniprot:P15170	GSPT1	30|20	50	25.00	2	81|95|73|52|59|0|0|0|75|84|73|85	0.00	0.00	0.00	0.00	0.00	-318.41	0.28	0.62	0	0	0
NSP12-Nt	geneid:23708;refseq:NP_060564;uniprot:Q8IYD1	GSPT2	14|10	24	12.00	2	52|60|50|32|42|0|0|0|45|54|53|52	0.00	0.00	0.00	0.00	0.00	-209.37	0.22	0.62	0	0	0
NSP12-Nt	geneid:1936;refseq:NP_001123525;uniprot:P29692	EEF1D	6|5	11	5.50	2	18|23|25|23|22|0|0|0|21|16|22|25	0.00	0.00	0.00	0.00	0.00	-89.72	0.23	0.62	0	0	0
NSP12-Nt	geneid:3801;refseq:NP_001123571;uniprot:Q9BVG8	KIFC3	5|3	8	4.00	2	12|13|17|16|19|0|0|0|20|21|12|16	0.00	0.00	0.00	0.00	0.00	-77.13	0.20	0.62	0	0	0
NSP12-Nt	geneid:3831;refseq:NP_001123579;uniprot:Q07866	KLC1	4|0	4	2.00	2	20|34|22|31|26|0|0|0|28|27|22|24	0.00	0.00	0.00	0.00	0.00	-137.82	0.06	0.62	0	0	0
NSP12-Nt	geneid:9043;refseq:NP_003962;uniprot:O60271	SPAG9	16|20	36	18.00	2	86|99|78|73|79|0|0|0|67|71|66|77	0.00	0.00	0.00	0.00	0.00	-330.34	0.20	0.62	0	0	0
NSP12-Nt	geneid:3267;refseq:NP_001128659;uniprot:P52594	AGFG1	31|30	61	30.50	2	110|114|96|74|81|0|0|0|107|109|74|81	0.00	0.00	0.00	0.00	0.00	-388.26	0.27	0.62	0	0	0
NSP12-Nt	geneid:23301;refseq:NP_001136086;uniprot:Q8NDI1	EHBP1	5|5	10	5.00	2	61|49|37|36|45|0|0|0|44|35|45|41	0.00	0.00	0.00	0.00	0.00	-208.57	0.10	0.62	0	0	0
NSP12-Nt	geneid:292;refseq:NP_001143;uniprot:P05141	SLC25A5	17|15	32	16.00	2	18|28|4|0|0|0|7|0|20|17|19|28	0.00	0.00	0.00	0.00	0.00	-70.57	0.63	0.58	4.25	9.35	0.18
NSP12-Nt	geneid:293;refseq:NP_001627;uniprot:P12236	SLC25A6	16|15	31	15.50	2	19|26|0|2|0|0|7|0|22|20|19|28	0.00	0.00	0.00	0.00	0.00	-70.60	0.61	0.58	3.58	7.87	0.15
NSP12-Nt	geneid:322;refseq:NP_001155;uniprot:O00213	APBB1	2|0	2	1.00	2	17|14|10|9|9|0|0|0|17|18|18|16	0.00	0.00	0.00	0.00	0.00	-78.11	0.06	0.62	0	0	0
NSP12-Nt	geneid:23112;refseq:NP_055903;uniprot:Q9UPQ9	TNRC6B	4|5	9	4.50	2	29|38|13|26|14|0|0|0|31|24|21|16	0.00	0.00	0.00	0.00	0.00	-128.91	0.14	0.62	0	0	0
NSP12-Nt	geneid:3939;refseq:NP_001158886;uniprot:P00338	LDHA	9|7	16	8.00	2	17|14|10|8|6|0|7|0|15|16|12|10	0.00	0.00	0.00	0.00	0.00	-49.88	0.50	0.62	0	0	0
NSP12-Nt	geneid:3945;refseq:NP_001167568;uniprot:P07195	LDHB	4|2	6	3.00	2	8|11|6|5|8|0|6|0|12|9|6|8	0.00	0.00	0.00	0.00	0.00	-40.02	0.28	0.62	0	0	0
NSP12-Nt	geneid:23022;refseq:NP_001159582;uniprot:Q8WX93	PALLD	7|5	12	6.00	2	33|30|26|32|30|0|0|0|31|32|30|30	0.00	0.00	0.00	0.00	0.00	-124.18	0.19	0.62	0	0	0
NSP12-Nt	geneid:4026;refseq:NP_001161143;uniprot:Q93052	LPP	4|3	7	3.50	2	32|27|30|27|25|0|0|0|20|26|24|29	0.00	0.00	0.00	0.00	0.00	-122.18	0.12	0.62	0	0	0
NSP12-Nt	geneid:55655;refseq:NP_001167552;uniprot:Q9NX02	NLRP2	7|6	13	6.50	2	39|47|32|34|45|0|0|0|65|59|50|47	0.00	0.00	0.00	0.00	0.00	-232.79	0.11	0.62	0	0	0
NSP12-Nt	geneid:9611;refseq:NP_006302;uniprot:O75376	NCOR1	4|3	7	3.50	2	8|6|19|38|33|0|0|0|41|41|42|46	0.00	0.00	0.00	0.00	0.00	-177.94	0.08	0.62	0	0	0
NSP12-Nt	geneid:1654;refseq:NP_001180345;uniprot:O00571	DDX3X	15|15	30	15.00	2	59|66|67|56|55|0|0|0|57|60|60|65	0.00	0.00	0.00	0.00	0.00	-238.87	0.23	0.62	0	0	0
NSP12-Nt	geneid:1981;refseq:NP_937887;uniprot:Q04637	EIF4G1	16|15	31	15.50	2	75|110|46|51|53|0|0|0|76|82|83|75	0.00	0.00	0.00	0.00	0.00	-348.90	0.17	0.62	0	0	0
NSP12-Nt	geneid:23243;refseq:NP_056014;uniprot:O15084	ANKRD28	8|5	13	6.50	2	27|37|22|28|32|0|0|0|31|35|25|33	0.00	0.00	0.00	0.00	0.00	-135.74	0.19	0.62	0	0	0
NSP12-Nt	geneid:5705;refseq:NP_001186092;uniprot:P62195	PSMC5	7|7	14	7.00	2	18|27|34|27|32|0|0|0|41|38|23|22	0.00	0.00	0.00	0.00	0.00	-141.00	0.19	0.62	0	0	0
NSP12-Nt	geneid:55614;refseq:NP_001186795;uniprot:Q96L93	KIF16B	5|0	5	2.50	2	46|44|21|31|31|0|0|0|34|41|32|31	0.00	0.00	0.00	0.00	0.00	-194.66	0.06	0.62	0	0	0
NSP12-Nt	geneid:5052;refseq:NP_001189360;uniprot:Q06830	PRDX1	7|10	17	8.50	2	12|17|22|30|24|17|5|4|17|15|15|11	0.00	0.00	0.00	0.00	0.00	-88.46	0.34	0.62	0	0	0
NSP12-Nt	geneid:6642;refseq:NP_001229862;uniprot:Q13596	SNX1	4|4	8	4.00	2	16|23|24|21|17|0|0|0|25|20|16|14	0.00	0.00	0.00	0.00	0.00	-91.29	0.17	0.62	0	0	0
NSP12-Nt	geneid:6138;refseq:NP_001240308;uniprot:P61313	RPL15	12|11	23	11.50	2	7|8|0|0|0|0|5|2|5|6|6|9	0.00	0.00	0.00	0.00	0.00	-13.22	1.44	0.37	7.5	24.1	0.62
NSP12-Nt	geneid:8644;refseq:NP_001240837;uniprot:P42330	AKR1C3	7|9	16	8.00	2	22|29|24|16|18|0|3|0|19|21|23|25	0.00	0.00	0.00	0.00	0.00	-91.23	0.31	0.62	0	0	0
NSP12-Nt	geneid:1645;refseq:NP_001344;uniprot:Q04828	AKR1C1	7|8	15	7.50	2	0|0|0|0|0|0|0|0|0|0|0|0	1.00	1.00	1.00	1.00	1.00	11.62	75.00	0.00	7.5	15.22	6.5
NSP12-Nt	geneid:2314;refseq:NP_001243193;uniprot:Q13045	FLII	5|6	11	5.50	2	7|11|0|5|5|0|0|0|4|10|6|7	0.00	0.00	0.00	0.00	0.00	-27.49	0.59	0.50	0.92	0.48	0.11
NSP12-Nt	geneid:8546;refseq:NP_001258698;uniprot:O00203	AP3B1	3|3	6	3.00	2	34|31|29|31|45|0|0|0|31|25|25|29	0.00	0.00	0.00	0.00	0.00	-149.93	0.08	0.62	0	0	0
NSP12-Nt	geneid:3326;refseq:NP_001258898;uniprot:P08238	HSP90AB1	24|25	49	24.50	2	46|45|33|33|34|5|7|0|41|38|27|32	0.00	0.00	0.00	0.00	0.00	-126.09	0.56	0.62	0	0	0
NSP12-Nt	geneid:3320;refseq:NP_001017963;uniprot:P07900	HSP90AA1	17|20	37	18.50	2	37|41|21|23|23|0|5|2|32|26|26|26	0.00	0.00	0.00	0.00	0.00	-111.46	0.50	0.62	0	0	0
NSP12-Nt	geneid:85440;refseq:NP_001258928;uniprot:Q96N67	DOCK7	14|7	21	10.50	2	64|70|12|22|30|0|0|0|44|42|42|42	0.00	0.00	0.00	0.00	0.00	-234.64	0.18	0.62	0	0	0
NSP12-Nt	geneid:1915;refseq:NP_001393;uniprot:P68104	EEF1A1	13|12	25	12.50	2	27|25|21|19|21|19|11|6|36|31|19|27	0.00	0.00	0.00	0.00	0.00	-100.97	0.40	0.62	0	0	0
NSP12-Nt	geneid:79026;refseq:NP_001611;uniprot:Q09666	AHNAK	615|636	1251	625.50	2	1169|1268|916|1093|1047|0|0|2|1037|1123|1190|1462	0.00	0.00	0.00	0.00	0.00	-inf	0.48	0.62	0	0	0
NSP12-Nt	geneid:908;refseq:NP_001753;uniprot:P40227	CCT6A	18|17	35	17.50	2	26|30|30|22|27|0|0|0|30|32|28|25	0.00	0.00	0.00	0.00	0.00	-87.58	0.57	0.62	0	0	0
NSP12-Nt	geneid:3178;refseq:NP_002127;uniprot:P09651	HNRNPA1	5|4	9	4.50	2	18|20|32|16|33|0|0|0|40|44|61|64	0.00	0.00	0.00	0.00	0.00	-232.69	0.08	0.62	0	0	0
NSP12-Nt	geneid:3336;refseq:NP_002148;uniprot:P61604	HSPE1	3|3	6	3.00	2	7|9|0|0|0|0|0|0|0|0|0|0	0.00	0.00	0.00	0.00	0.00	-15.17	0.56	0.41	1.67	10.73	0.34
NSP12-Nt	geneid:3842;refseq:NP_002261;uniprot:Q92973	TNPO1	8|6	14	7.00	2	46|51|37|39|39|0|0|0|49|47|35|45	0.00	0.00	0.00	0.00	0.00	-193.39	0.14	0.62	0	0	0
NSP12-Nt	geneid:4134;refseq:NP_001127836;uniprot:P27816	MAP4	101|103	204	102.00	2	374|365|277|303|297|0|0|0|430|363|289|326	0.00	0.00	0.00	0.00	0.00	-inf	0.26	0.62	0	0	0
NSP12-Nt	geneid:4627;refseq:NP_002464;uniprot:P35579	MYH9	37|39	76	38.00	2	261|267|93|120|139|0|0|0|167|165|171|187	0.00	0.00	0.00	0.00	0.00	-inf	0.16	0.62	0	0	0
NSP12-Nt	geneid:5062;refseq:NP_002568;uniprot:Q13177	PAK2	8|9	17	8.50	2	41|52|53|48|53|0|0|0|50|51|44|52	0.00	0.00	0.00	0.00	0.00	-202.70	0.16	0.62	0	0	0
NSP12-Nt	geneid:5286;refseq:NP_002636;uniprot:O00443	PIK3C2A	12|12	24	12.00	2	41|47|30|34|31|0|0|0|44|26|26|36	0.00	0.00	0.00	0.00	0.00	-153.81	0.27	0.62	0	0	0
NSP12-Nt	geneid:5315;refseq:NP_002645;uniprot:P14618	PKM	33|35	68	34.00	2	62|87|39|26|33|39|28|12|63|57|66|70	0.00	0.00	0.00	0.00	0.00	-228.46	0.46	0.62	0	0	0
NSP12-Nt	geneid:5585;refseq:NP_002732;uniprot:Q16512	PKN1	17|12	29	14.50	2	36|37|22|27|26|0|0|0|38|35|35|38	0.00	0.00	0.00	0.00	0.00	-127.25	0.38	0.62	0	0	0
NSP12-Nt	geneid:7082;refseq:NP_003248;uniprot:Q07157	TJP1	45|40	85	42.50	2	142|184|105|129|136|0|0|0|152|147|154|163	0.00	0.00	0.00	0.00	0.00	-598.14	0.25	0.62	0	0	0
NSP12-Nt	geneid:9414;refseq:NP_001163885;uniprot:Q9UDY2	TJP2	4|0	4	2.00	2	4|5|0|0|0|0|0|0|3|0|0|0	0.00	0.00	0.00	0.00	0.00	-17.33	0.50	0.33	1	0.64	1.58
NSP12-Nt	geneid:8407;refseq:NP_003555;uniprot:P37802	TAGLN2	39|39	78	39.00	2	77|82|55|52|48|0|0|0|88|82|63|75	0.00	0.00	0.00	0.00	0.00	-254.49	0.46	0.62	0	0	0
NSP12-Nt	geneid:8725;refseq:NP_003787;uniprot:O94763	URI1	9|9	18	9.00	2	13|8|16|11|13|0|0|0|6|13|10|10	0.00	0.00	0.00	0.00	0.00	-38.02	0.64	0.53	0.67	0.82	0.46
NSP12-Nt	geneid:8871;refseq:NP_003889;uniprot:O15056	SYNJ2	27|19	46	23.00	2	106|115|45|52|49|0|0|0|88|86|92|108	0.00	0.00	0.00	0.00	0.00	-414.54	0.21	0.62	0	0	0
NSP12-Nt	geneid:1832;refseq:NP_004406;uniprot:P15924	DSP	10|3	13	6.50	2	23|19|8|8|103|0|21|3|10|9|13|16	0.00	0.00	0.00	0.00	0.00	-202.70	0.13	0.62	0	0	0
NSP12-Nt	geneid:1856;refseq:NP_004413;uniprot:O14641	DVL2	10|9	19	9.50	2	35|45|25|23|19|0|0|0|39|31|35|38	0.00	0.00	0.00	0.00	0.00	-147.97	0.23	0.62	0	0	0
NSP12-Nt	geneid:6780;refseq:NP_001032405;uniprot:O95793	STAU1	7|7	14	7.00	2	18|22|36|24|27|0|0|0|19|18|24|25	0.00	0.00	0.00	0.00	0.00	-105.34	0.24	0.62	0	0	0
NSP12-Nt	geneid:5216;refseq:NP_005013;uniprot:P07737	PFN1	4|3	7	3.50	2	5|5|6|8|5|8|7|0|8|5|6|3	0.00	0.00	0.00	0.00	0.00	-26.32	0.44	0.62	0	0	0
NSP12-Nt	geneid:2017;refseq:NP_005222;uniprot:Q14247	CTTN	39|41	80	40.00	2	94|98|95|87|83|0|0|0|82|82|105|97	0.00	0.00	0.00	0.00	0.00	-319.68	0.40	0.62	0	0	0
NSP12-Nt	geneid:3006;refseq:NP_005310;uniprot:P16403	H1-2	5|7	12	6.00	2	2|0|0|0|0|6|10|6|2|0|0|0	0.00	0.00	0.00	0.00	0.00	-19.80	0.82	0.43	3.83	11.79	1.19
NSP12-Nt	geneid:3069;refseq:NP_005327;uniprot:Q00341	HDLBP	8|8	16	8.00	2	60|66|45|50|61|0|0|0|56|57|52|54	0.00	0.00	0.00	0.00	0.00	-244.74	0.13	0.62	0	0	0
NSP12-Nt	geneid:1657;refseq:NP_005500;uniprot:Q9Y485	DMXL1	58|62	120	60.00	2	0|0|0|0|0|0|0|0|0|0|0|0	1.00	1.00	1.00	1.00	1.00	86.16	600.00	0.00	60	12.99	65
NSP12-Nt	geneid:3428;refseq:NP_005522;uniprot:Q16666	IFI16	21|15	36	18.00	2	49|63|38|31|29|0|0|0|51|51|49|45	0.00	0.00	0.00	0.00	0.00	-192.18	0.33	0.62	0	0	0
NSP12-Nt	geneid:2802;refseq:NP_005886;uniprot:Q08378	GOLGA3	19|19	38	19.00	2	76|75|37|63|56|0|0|0|55|56|69|74	0.00	0.00	0.00	0.00	0.00	-265.91	0.25	0.62	0	0	0
NSP12-Nt	geneid:4131;refseq:NP_005900;uniprot:P46821	MAP1B	182|178	360	180.00	2	475|530|218|268|271|0|0|0|417|397|364|424	0.00	0.00	0.00	0.00	0.00	-inf	0.38	0.62	0	0	0
NSP12-Nt	geneid:3848;refseq:NP_006112;uniprot:P04264	KRT1	136|128	264	132.00	2	30|20|30|76|267|105|156|103|73|113|78|83	0.00	0.00	0.00	0.00	0.00	-450.71	0.74	0.62	37.5	38.17	0.83
NSP12-Nt	geneid:7431;refseq:NP_003371;uniprot:P08670	VIM	66|55	121	60.50	2	158|205|151|157|150|0|14|0|170|160|158|194	0.00	0.00	0.00	0.00	0.00	-653.03	0.32	0.62	0	0	0
NSP12-Nt	geneid:3856;refseq:NP_001243211;uniprot:P05787	KRT8	70|60	130	65.00	2	132|133|106|90|101|0|45|13|130|134|128|168	0.00	0.00	0.00	0.00	0.00	-454.90	0.45	0.62	0	0	0
NSP12-Nt	geneid:3849;refseq:NP_000414;uniprot:P35908	KRT2	67|73	140	70.00	2	18|5|13|44|125|100|77|78|61|30|37|18	0.00	0.00	0.00	0.00	0.00	-264.97	0.69	0.62	19.5	20	0.63
NSP12-Nt	geneid:3855;refseq:NP_005547;uniprot:P08729	KRT7	46|40	86	43.00	2	55|69|58|53|61|0|0|0|68|74|72|78	0.00	0.00	0.00	0.00	0.00	-215.06	0.58	0.62	0	0	0
NSP12-Nt	geneid:3852;refseq:NP_000415;uniprot:P13647	KRT5	37|35	72	36.00	2	0|0|0|12|66|13|61|45|15|21|16|24	0.00	0.00	0.00	0.00	0.00	-156.58	0.63	0.61	13.25	14.72	0.59
NSP12-Nt	geneid:3887;refseq:NP_002272;uniprot:Q14533	KRT81	28|33	61	30.50	2	42|59|24|34|27|7|0|0|58|59|50|70	0.00	0.00	0.00	0.00	0.00	-192.43	0.49	0.62	0	0	0
NSP12-Nt	geneid:3891;refseq:NP_002274;uniprot:P78386	KRT85	14|0	14	7.00	2	0|0|0|27|0|0|0|0|24|28|0|36	0.00	0.00	0.00	0.00	0.00	-134.84	0.23	0.59	0	0	0
NSP12-Nt	geneid:196374;refseq:NP_775487;uniprot:Q8N1N4	KRT78	4|0	4	2.00	2	0|0|0|0|5|0|5|4|0|0|0|0	0.00	0.00	0.00	0.00	0.00	-20.30	0.43	0.37	0.83	1.05	0.23
NSP12-Nt	geneid:3927;refseq:NP_006139;uniprot:Q14847	LASP1	13|8	21	10.50	2	19|30|28|27|21|0|0|0|31|28|38|29	0.00	0.00	0.00	0.00	0.00	-118.15	0.32	0.62	0	0	0
NSP12-Nt	geneid:5093;refseq:NP_006187;uniprot:Q15365	PCBP1	10|11	21	10.50	2	34|29|36|33|34|0|0|0|35|32|27|30	0.00	0.00	0.00	0.00	0.00	-121.22	0.30	0.62	0	0	0
NSP12-Nt	geneid:5094;refseq:NP_001092090;uniprot:Q15366	PCBP2	6|7	13	6.50	2	18|16|20|15|17|0|0|0|21|17|17|20	0.00	0.00	0.00	0.00	0.00	-70.09	0.32	0.62	0	0	0
NSP12-Nt	geneid:5903;refseq:NP_006258;uniprot:P49792	RANBP2	44|45	89	44.50	2	224|240|69|101|118|0|0|0|126|137|144|148	0.00	0.00	0.00	0.00	0.00	-inf	0.22	0.62	0	0	0
NSP12-Nt	geneid:7094;refseq:NP_006280;uniprot:Q9Y490	TLN1	38|37	75	37.50	2	169|184|69|83|92|0|0|0|139|126|138|169	0.00	0.00	0.00	0.00	0.00	-636.79	0.22	0.62	0	0	0
NSP12-Nt	geneid:3312;refseq:NP_006588;uniprot:P11142	HSPA8	39|30	69	34.50	2	35|38|72|61|75|29|5|0|37|33|28|25	0.00	0.00	0.00	0.00	0.00	-214.98	0.50	0.61	0	0	0
NSP12-Nt	geneid:3303;refseq:NP_005336;uniprot:P0DMV8	HSPA1A	16|14	30	15.00	2	28|24|27|24|26|0|0|0|18|17|9|13	0.00	0.00	0.00	0.00	0.00	-79.14	0.56	0.58	0	0	0
NSP12-Nt	geneid:10808;refseq:NP_006635;uniprot:Q92598	HSPH1	13|14	27	13.50	2	46|51|28|31|39|0|0|0|52|49|38|33	0.00	0.00	0.00	0.00	0.00	-179.29	0.27	0.62	0	0	0
NSP12-Nt	geneid:3308;refseq:NP_002145;uniprot:P34932	HSPA4	3|9	12	6.00	2	18|12|11|7|14|0|0|0|14|15|8|13	0.00	0.00	0.00	0.00	0.00	-58.49	0.38	0.62	0	0	0
NSP12-Nt	geneid:11214;refseq:NP_006729;uniprot:Q12802	AKAP13	32|34	66	33.00	2	139|156|52|60|71|0|0|0|89|90|116|124	0.00	0.00	0.00	0.00	0.00	-504.29	0.24	0.62	0	0	0
NSP12-Nt	geneid:10973;refseq:NP_006819;uniprot:Q8N3C0	ASCC3	46|40	86	43.00	2	202|225|75|85|101|0|0|0|188|167|151|178	0.00	0.00	0.00	0.00	0.00	-inf	0.21	0.62	0	0	0
NSP12-Nt	geneid:10579;refseq:NP_996744;uniprot:O95359	TACC2	23|15	38	19.00	2	61|79|78|52|59|0|0|0|83|86|68|66	0.00	0.00	0.00	0.00	0.00	-310.40	0.23	0.62	0	0	0
NSP12-Nt	geneid:11276;refseq:NP_009178;uniprot:Q9UMZ2	SYNRG	82|79	161	80.50	2	179|196|101|102|94|0|0|0|170|147|178|201	0.00	0.00	0.00	0.00	0.00	-603.73	0.42	0.62	0	0	0
NSP12-Nt	geneid:672;refseq:NP_009225;uniprot:P38398	BRCA1	12|11	23	11.50	2	28|20|20|27|29|0|0|0|53|52|50|52	0.00	0.00	0.00	0.00	0.00	-192.03	0.22	0.62	0	0	0
NSP12-Nt	geneid:26973;refseq:NP_036256;uniprot:Q9UHD1	CHORDC1	4|3	7	3.50	2	10|10|12|11|13|0|0|0|8|10|9|7	0.00	0.00	0.00	0.00	0.00	-42.88	0.29	0.62	0	0	0
NSP12-Nt	geneid:23451;refseq:NP_036565;uniprot:O75533	SF3B1	2|2	4	2.00	2	38|33|130|129|130|0|0|0|140|127|129|131	0.00	0.00	0.00	0.00	0.00	-587.16	0.01	0.62	0	0	0
NSP12-Nt	geneid:23603;refseq:NP_055140;uniprot:Q9ULV4	CORO1C	8|10	18	9.00	2	36|41|17|21|23|0|0|0|31|32|46|37	0.00	0.00	0.00	0.00	0.00	-153.75	0.22	0.62	0	0	0
NSP12-Nt	geneid:27297;refseq:NP_055293;uniprot:O75575	CRCP	3|3	6	3.00	2	19|17|12|12|11|0|0|0|12|13|7|11	0.00	0.00	0.00	0.00	0.00	-61.34	0.18	0.62	0	0	0
NSP12-Nt	geneid:27327;refseq:NP_055309;uniprot:Q8NDV7	TNRC6A	15|17	32	16.00	2	44|53|14|29|25|0|0|0|31|38|41|37	0.00	0.00	0.00	0.00	0.00	-154.43	0.35	0.62	0	0	0
NSP12-Nt	geneid:29766;refseq:NP_055362;uniprot:Q9NYL9	TMOD3	12|15	27	13.50	2	47|49|49|44|42|0|0|0|43|48|42|46	0.00	0.00	0.00	0.00	0.00	-173.56	0.28	0.62	0	0	0
NSP12-Nt	geneid:9685;refseq:NP_001182484;uniprot:Q14677	CLINT1	14|17	31	15.50	2	42|50|41|37|33|0|0|0|45|45|36|43	0.00	0.00	0.00	0.00	0.00	-159.77	0.33	0.62	0	0	0
NSP12-Nt	geneid:9859;refseq:NP_055627;uniprot:Q5SW79	CEP170	17|15	32	16.00	2	60|89|47|56|55|0|0|0|74|66|71|74	0.00	0.00	0.00	0.00	0.00	-294.59	0.20	0.62	0	0	0
NSP12-Nt	geneid:22848;refseq:NP_055726;uniprot:Q2M2I8	AAK1	4|2	6	3.00	2	26|21|22|29|26|0|0|0|24|25|22|33	0.00	0.00	0.00	0.00	0.00	-121.48	0.10	0.62	0	0	0
NSP12-Nt	geneid:23074;refseq:NP_055869;uniprot:A0JNW5	UHRF1BP1L	7|5	12	6.00	2	48|53|31|38|44|0|0|0|62|45|46|46	0.00	0.00	0.00	0.00	0.00	-220.33	0.11	0.62	0	0	0
NSP12-Nt	geneid:23094;refseq:NP_055888;uniprot:O60292	SIPA1L3	21|23	44	22.00	2	104|106|48|55|66|0|0|0|76|68|78|82	0.00	0.00	0.00	0.00	0.00	-355.22	0.23	0.62	0	0	0
NSP12-Nt	geneid:23215;refseq:NP_055987;uniprot:Q9Y520	PRRC2C	5|3	8	4.00	2	45|48|13|15|20|0|0|0|31|28|30|30	0.00	0.00	0.00	0.00	0.00	-170.36	0.10	0.62	0	0	0
NSP12-Nt	geneid:10890;refseq:NP_057215;uniprot:P61026	RAB10	8|8	16	8.00	2	10|10|5|3|6|0|3|0|9|10|9|9	0.00	0.00	0.00	0.00	0.00	-24.71	0.80	0.49	1.83	6	0.15
NSP12-Nt	geneid:26057;refseq:NP_115593;uniprot:O75179	ANKRD17	9|0	9	4.50	2	26|33|16|22|20|0|0|0|29|23|23|24	0.00	0.00	0.00	0.00	0.00	-130.36	0.15	0.62	0	0	0
NSP12-Nt	geneid:56829;refseq:NP_064504;uniprot:Q7Z2W4	ZC3HAV1	19|16	35	17.50	2	67|98|43|45|55|0|0|0|73|82|86|75	0.00	0.00	0.00	0.00	0.00	-333.19	0.20	0.62	0	0	0
NSP12-Nt	geneid:60412;refseq:NP_068579;uniprot:Q96A65	EXOC4	9|7	16	8.00	2	55|50|46|37|43|0|0|0|44|42|36|43	0.00	0.00	0.00	0.00	0.00	-195.83	0.16	0.62	0	0	0
NSP12-Nt	geneid:64759;refseq:NP_073585;uniprot:Q68CZ2	TNS3	33|24	57	28.50	2	115|144|73|76|71|0|0|0|112|110|97|116	0.00	0.00	0.00	0.00	0.00	-464.96	0.23	0.62	0	0	0
NSP12-Nt	geneid:79180;refseq:NP_077305;uniprot:Q96C19	EFHD2	3|6	9	4.50	2	20|16|22|21|14|0|0|0|15|12|14|14	0.00	0.00	0.00	0.00	0.00	-81.46	0.21	0.62	0	0	0
NSP12-Nt	geneid:79657;refseq:NP_001139547;uniprot:Q9H6T3	RPAP3	54|51	105	52.50	2	42|45|47|35|38|0|0|0|55|53|48|51	0.00	0.00	0.00	0.00	0.00	-113.81	0.99	0.60	18	18.7	2.04
NSP12-Nt	geneid:800;refseq:NP_149130;uniprot:Q05682	CALD1	4|4	8	4.00	2	18|41|32|34|34|0|0|0|25|27|33|27	0.00	0.00	0.00	0.00	0.00	-144.93	0.11	0.62	0	0	0
NSP12-Nt	geneid:113146;refseq:NP_612429;uniprot:Q8IVF2	AHNAK2	425|432	857	428.50	2	889|914|418|579|529|0|0|0|680|677|776|890	0.00	0.00	0.00	0.00	0.00	-inf	0.48	0.62	0	0	0
NSP12-Nt	geneid:55471;refseq:NP_653337;uniprot:Q7L592	NDUFAF7	3|0	3	1.50	2	39|29|0|0|0|0|0|0|0|0|0|0	0.00	0.00	0.00	0.00	0.00	-99.17	0.07	0.62	0	0	0
NSP12-Nt	geneid:23336;refseq:NP_663780;uniprot:O15061	SYNM	20|14	34	17.00	2	66|74|38|51|52|0|0|0|66|65|68|57	0.00	0.00	0.00	0.00	0.00	-256.06	0.25	0.62	0	0	0
NSP12-Nt	geneid:31;refseq:NP_942131;uniprot:Q13085	ACACA	220|200	420	210.00	2	122|135|290|289|337|1840|161|157|70|68|65|83	0.00	0.00	0.00	0.00	0.00	-inf	0.26	0.62	0	0	NaN
NSP12-Nt	geneid:32;refseq:NP_001084;uniprot:O00763	ACACB	92|73	165	82.50	2	26|22|41|55|53|427|78|79|0|9|14|14	0.00	0.00	0.00	0.00	0.00	-626.22	0.42	0.62	14.33	3.82	2.34
NSP12-Nt	geneid:5644;refseq:NP_002760;uniprot:P07477	PRSS1	10|8	18	9.00	2	5|0|0|0|0|0|8|9|0|0|0|0	0.00	0.00	0.00	0.00	0.00	-15.22	1.23	0.38	7.17	19.03	2.37
NSP12-Nt	geneid:6130;refseq:NP_000963;uniprot:P62424	RPL7A	2|3	5	2.50	2	0|0|3|0|0|0|3|0|0|0|0|0	0.02	0.03	0.02	0.03	0.02	-4.97	1.25	0.23	2	4.93	0.23
NSP12-Nt	geneid:50488;refseq:NP_001020108;uniprot:Q8N4C8	MINK1	2|2	4	2.00	2	16|15|14|13|14|0|0|0|10|8|12|11	0.00	0.00	0.00	0.00	0.00	-58.65	0.13	0.62	0	0	0
NSP12-Nt	geneid:10576;refseq:NP_006422;uniprot:P78371	CCT2	4|6	10	5.00	2	19|17|27|26|20|0|0|0|12|14|12|11	0.00	0.00	0.00	0.00	0.00	-92.73	0.21	0.62	0	0	0
NSP12-Nt	geneid:3192;refseq:NP_004492;uniprot:Q00839	HNRNPU	4|4	8	4.00	2	6|3|22|18|24|0|11|0|21|25|13|15	0.00	0.00	0.00	0.00	0.00	-89.80	0.17	0.62	0	0	0
NSP12-Nt	geneid:9961;refseq:NP_005106;uniprot:Q14764	MVP	4|5	9	4.50	2	47|47|32|35|31|0|0|0|49|42|45|40	0.00	0.00	0.00	0.00	0.00	-194.71	0.09	0.62	0	0	0
NSP12-Nt	geneid:10615;refseq:NP_006452;uniprot:Q96R06	SPAG5	2|0	2	1.00	2	32|33|23|33|23|0|0|0|35|37|27|27	0.00	0.00	0.00	0.00	0.00	-155.76	0.03	0.62	0	0	0
NSP12-Nt	geneid:11196;refseq:NP_009121;uniprot:Q9Y6Y8	SEC23IP	2|0	2	1.00	2	32|36|17|17|18|0|0|0|22|21|22|23	0.00	0.00	0.00	0.00	0.00	-134.76	0.03	0.62	0	0	0
NSP12-Nt	geneid:9124;refseq:NP_066272;uniprot:O00151	PDLIM1	2|4	6	3.00	2	17|36|20|12|14|0|0|0|28|21|33|24	0.00	0.00	0.00	0.00	0.00	-134.74	0.09	0.62	0	0	0
NSP12-Nt	geneid:64857;refseq:NP_073746;uniprot:Q9H7P9	PLEKHG2	2|4	6	3.00	2	7|8|0|6|6|0|0|0|4|6|7|6	0.00	0.00	0.00	0.00	0.00	-25.95	0.41	0.62	0	0	0
NSP12-Nt	geneid:641371;refseq:NP_001032238;uniprot:Q86TX2	ACOT1	3|6	9	4.50	2	49|44|10|6|5|0|0|0|9|8|3|4	0.00	0.00	0.00	0.00	0.00	-138.57	0.13	0.62	0	0	0
NSP12-Nt	geneid:81;refseq:NP_004915;uniprot:O43707	ACTN4	3|0	3	1.50	2	38|37|16|21|15|0|0|0|24|18|24|21	0.00	0.00	0.00	0.00	0.00	-146.59	0.05	0.62	0	0	0
NSP12-Nt	geneid:2107;refseq:NP_004721;uniprot:P62495	ETF1	2|0	2	1.00	2	9|6|11|6|8|0|0|0|9|9|7|4	0.00	0.00	0.00	0.00	0.00	-42.42	0.10	0.62	0	0	0
NSP12-Nt	geneid:65125;refseq:NP_001171914;uniprot:Q9H4A3	WNK1	4|6	10	5.00	2	34|35|21|19|26|0|0|0|28|29|28|32	0.00	0.00	0.00	0.00	0.00	-133.28	0.15	0.62	0	0	0
NSP12-Nt	geneid:9415;refseq:NP_004256;uniprot:O95864	FADS2	3|0	3	1.50	2	3|0|0|0|0|0|0|0|3|2|0|2	0.00	0.00	0.00	0.00	0.00	-11.60	0.56	0.28	0.67	0.99	0.08
NSP12-Nt	geneid:1314;refseq:NP_001091868;uniprot:P53621	COPA	3|2	5	2.50	2	17|13|11|12|14|0|0|0|8|8|7|9	0.00	0.00	0.00	0.00	0.00	-57.22	0.17	0.62	0	0	0
NSP12-Nt	geneid:4841;refseq:NP_001138880;uniprot:Q15233	NONO	3|0	3	1.50	2	11|9|60|41|46|0|0|0|35|31|32|28	0.00	0.00	0.00	0.00	0.00	-218.36	0.03	0.62	0	0	0
NSP12-Nt	geneid:8189;refseq:NP_004810;uniprot:Q92797	SYMPK	3|0	3	1.50	2	23|20|106|124|122|0|0|0|118|108|119|128	0.00	0.00	0.00	0.00	0.00	-558.63	0.01	0.62	0	0	0
NSP12-Nt	geneid:857;refseq:NP_001744;uniprot:Q03135	CAV1	3|4	7	3.50	2	8|16|5|4|6|0|0|0|3|7|16|4	0.00	0.00	0.00	0.00	0.00	-48.43	0.26	0.62	0	0	0
NSP12-Nt	geneid:284071;refseq:NP_001138552;uniprot:A2RUB1	MEIOC	4|4	8	4.00	2	12|7|7|4|6|0|0|0|4|10|6|7	0.00	0.00	0.00	0.00	0.00	-30.88	0.41	0.62	0	0	0
NSP12-Nt	geneid:5782;refseq:NP_002826;uniprot:Q05209	PTPN12	3|0	3	1.50	2	31|40|23|19|25|0|0|0|30|28|31|23	0.00	0.00	0.00	0.00	0.00	-151.28	0.04	0.62	0	0	0
NSP12-Nt	geneid:114483834;refseq:NP_005683;uniprot:-	ABCF2-H2BE1	3|0	3	1.50	2	20|17|25|21|18|0|0|0|27|21|15|19	0.00	0.00	0.00	0.00	0.00	-107.95	0.06	0.62	0	0	0
NSP12-Nt	geneid:1213;refseq:NP_004850;uniprot:Q00610	CLTC	2|0	2	1.00	2	6|8|0|0|3|0|0|0|0|0|9|9	0.00	0.00	0.00	0.00	0.00	-37.96	0.12	0.62	0	0	0
NSP12-Nt	geneid:26986;refseq:NP_002559;uniprot:P11940	PABPC1	2|3	5	2.50	2	26|22|18|19|21|0|0|0|17|21|13|13	0.00	0.00	0.00	0.00	0.00	-93.58	0.11	0.62	0	0	0
NSP12-Nt	geneid:9141;refseq:NP_004699;uniprot:O14737	PDCD5	2|0	2	1.00	2	4|7|13|10|8|0|0|0|6|5|8|4	0.00	0.00	0.00	0.00	0.00	-45.38	0.10	0.62	0	0	0
NSP12-Nt	geneid:11273;refseq:NP_009176;uniprot:Q8WWM7	ATXN2L	3|3	6	3.00	2	42|34|31|34|30|0|0|0|42|35|28|33	0.00	0.00	0.00	0.00	0.00	-163.24	0.08	0.62	0	0	0
NSP12-Nt	geneid:1728;refseq:NP_000894;uniprot:P15559	NQO1	2|5	7	3.50	2	6|9|6|5|3|0|3|0|7|7|4|4	0.00	0.00	0.00	0.00	0.00	-27.35	0.46	0.47	0	0	0
NSP12-Nt	geneid:5861;refseq:NP_004152;uniprot:P62820	RAB1A	2|2	4	2.00	2	3|0|4|0|0|0|0|0|5|5|0|3	0.00	0.00	0.00	0.00	0.00	-15.08	0.43	0.41	0.33	1.06	0.03
NSP12-Nt	geneid:1396;refseq:NP_001302;uniprot:P50238	CRIP1	4|3	7	3.50	2	6|7|2|0|3|0|0|0|6|9|4|6	0.00	0.00	0.00	0.00	0.00	-23.64	0.48	0.47	0	0	0
NSP12-Nt	geneid:79983;refseq:NP_079197;uniprot:Q8WVV4	POF1B	2|3	5	2.50	2	22|20|18|19|15|0|0|0|20|21|18|22	0.00	0.00	0.00	0.00	0.00	-87.74	0.12	0.62	0	0	0
NSP12-Nt	geneid:2039;refseq:NP_001107607;uniprot:Q08495	DMTN	2|0	2	1.00	2	6|8|10|3|11|0|0|0|11|11|9|12	0.00	0.00	0.00	0.00	0.00	-49.84	0.09	0.62	0	0	0
NSP12-Nt	geneid:54464;refseq:NP_001036069;uniprot:Q8IZH2	XRN1	2|3	5	2.50	2	31|34|8|20|20|0|0|0|21|20|35|28	0.00	0.00	0.00	0.00	0.00	-139.16	0.07	0.62	0	0	0
NSP12-Nt	geneid:333932;refseq:NP_001005464;uniprot:Q71DI3	H3C15	2|3	5	2.50	2	2|0|2|3|4|23|7|0|5|3|0|0	0.00	0.00	0.00	0.00	0.00	-43.38	0.21	0.62	0	0	0
NSP12-Nt	geneid:29966;refseq:NP_001077362;uniprot:Q13033	STRN3	2|0	2	1.00	2	10|10|15|12|9|0|0|0|8|10|7|11	0.00	0.00	0.00	0.00	0.00	-55.78	0.08	0.62	0	0	0
NSP12-Nt	geneid:26610;refseq:NP_061913;uniprot:Q96EB1	ELP4	3|3	6	3.00	2	23|16|14|16|14|0|0|0|19|16|15|15	0.00	0.00	0.00	0.00	0.00	-74.25	0.16	0.62	0	0	0
NSP12-Nt	geneid:6156;refseq:NP_000980;uniprot:P62888	RPL30	2|0	2	1.00	2	0|0|0|0|0|0|0|0|0|0|0|0	0.48	0.96	0.48	0.96	0.48	-1.43	10.00	0.10	1	5.7	0.29
NSP12-Nt	geneid:9373;refseq:NP_001026859;uniprot:Q9Y263	PLAA	3|6	9	4.50	2	38|39|48|44|50|0|0|0|40|32|29|33	0.00	0.00	0.00	0.00	0.00	-197.12	0.10	0.62	0	0	0
NSP12-Nt	geneid:2975;refseq:NP_001511;uniprot:Q12789	GTF3C1	2|0	2	1.00	2	18|6|7|14|11|0|0|0|20|18|13|12	0.00	0.00	0.00	0.00	0.00	-82.57	0.05	0.62	0	0	0
NSP12-Nt	geneid:6194;refseq:NP_001001;uniprot:P62753	RPS6	2|0	2	1.00	2	0|0|0|0|0|0|2|0|0|0|0|0	0.23	0.45	0.23	0.45	0.23	-3.54	1.50	0.18	0.83	2.18	0.19
NSP12-Nt	geneid:29;refseq:NP_001083;uniprot:Q12979	ABR	2|0	2	1.00	2	16|15|13|15|15|0|0|0|24|18|14|13	0.00	0.00	0.00	0.00	0.00	-85.57	0.05	0.62	0	0	0
NSP12-Nt	geneid:5245;refseq:NP_002625;uniprot:P35232	PHB	4|0	4	2.00	2	0|0|0|2|0|0|0|0|0|0|0|0	0.41	0.81	0.40	0.80	0.41	-3.60	3.00	0.16	1.83	4.41	3.57
NSP12-Nt	geneid:1155;refseq:NP_001272;uniprot:Q99426	TBCB	2|0	2	1.00	2	6|4|11|8|6|0|0|0|6|6|3|7	0.00	0.00	0.00	0.00	0.00	-37.98	0.12	0.62	0	0	0
NSP12-Nt	geneid:7053;refseq:NP_003236;uniprot:Q08188	TGM3	2|0	2	1.00	2	0|0|0|0|2|0|0|0|0|0|0|0	0.23	0.45	0.22	0.44	0.23	-3.60	1.50	0.18	0.83	0.79	1.49
NSP12-Nt	geneid:57650;refseq:NP_065941;uniprot:Q8TCG1	CIP2A	3|2	5	2.50	2	22|18|21|16|19|0|0|0|34|28|22|19	0.00	0.00	0.00	0.00	0.00	-115.57	0.09	0.62	0	0	0
NSP12-Nt	geneid:23431;refseq:NP_031373;uniprot:Q9UPM8	AP4E1	2|0	2	1.00	2	31|36|21|32|26|0|0|0|34|24|31|28	0.00	0.00	0.00	0.00	0.00	-151.28	0.03	0.62	0	0	0
NSP12-Nt	geneid:137492;refseq:NP_689628;uniprot:Q8NEZ2	VPS37A	3|2	5	2.50	2	22|30|24|19|21|0|0|0|36|34|20|23	0.00	0.00	0.00	0.00	0.00	-139.16	0.07	0.62	0	0	0
NSP12-Nt	geneid:4659;refseq:NP_001137357;uniprot:O14974	PPP1R12A	2|0	2	1.00	2	28|40|29|26|28|0|0|0|32|27|28|28	0.00	0.00	0.00	0.00	0.00	-149.79	0.03	0.62	0	0	0
NSP12-Nt	geneid:675;refseq:NP_000050;uniprot:P51587	BRCA2	0|4	4	2.00	2	4|0|6|15|12|0|0|0|37|31|21|19	0.00	0.00	0.00	0.00	0.00	-131.57	0.07	0.62	0	0	0
NSP12-Nt	geneid:6141;refseq:NP_000970;uniprot:Q07020	RPL18	0|2	2	1.00	2	0|0|0|0|0|0|4|0|0|0|0|0	0.06	0.12	0.06	0.12	0.06	-5.43	0.75	0.21	0.67	2.34	0.2
NSP12-Nt	geneid:6155;refseq:NP_000979;uniprot:P61353	RPL27	0|2	2	1.00	2	0|2|0|0|0|0|0|0|3|2|0|0	0.00	0.00	0.00	0.00	0.00	-10.12	0.43	0.28	0.42	2.02	0.08
NSP12-Nt	geneid:6205;refseq:NP_001006;uniprot:P62280	RPS11	0|2	2	1.00	2	0|0|0|0|0|0|4|0|0|4|0|0	0.00	0.00	0.00	0.00	0.00	-11.41	0.38	0.30	0.33	1.37	0.05
NSP12-Nt	geneid:6730;refseq:NP_001247431;uniprot:Q9UHB9	SRP68	0|2	2	1.00	2	26|28|38|28|33|0|0|0|25|30|21|22	0.00	0.00	0.00	0.00	0.00	-149.79	0.03	0.62	0	0	0
NSP12-Nt	geneid:5226;refseq:NP_002622;uniprot:P52209	PGD	0|4	4	2.00	2	16|14|14|9|12|0|0|0|18|17|9|12	0.00	0.00	0.00	0.00	0.00	-75.12	0.12	0.62	0	0	0
NSP12-Nt	geneid:5702;refseq:NP_002795;uniprot:P17980	PSMC3	0|2	2	1.00	2	11|6|23|18|20|0|0|0|11|14|9|11	0.00	0.00	0.00	0.00	0.00	-90.04	0.05	0.62	0	0	0
NSP12-Nt	geneid:1783;refseq:NP_006132;uniprot:O43237	DYNC1LI2	0|3	3	1.50	2	10|14|22|15|16|0|0|0|14|16|10|10	0.00	0.00	0.00	0.00	0.00	-79.59	0.08	0.62	0	0	0
NSP12-Nt	geneid:7110;refseq:NP_009045;uniprot:P82094	TMF1	0|5	5	2.50	2	32|35|23|24|28|0|0|0|30|33|26|23	0.00	0.00	0.00	0.00	0.00	-148.29	0.07	0.62	0	0	0
NSP12-Nt	geneid:8994;refseq:NP_055055;uniprot:Q9UGP4	LIMD1	0|3	3	1.50	2	13|13|19|12|12|0|0|0|13|15|10|11	0.00	0.00	0.00	0.00	0.00	-69.18	0.10	0.62	0	0	0
NSP12-Nt	geneid:57448;refseq:NP_057336;uniprot:Q9NR09	BIRC6	0|2	2	1.00	2	105|116|6|5|10|0|0|0|6|8|12|11	0.00	0.00	0.00	0.00	0.00	-345.61	0.01	0.62	0	0	0
NSP12-Nt	geneid:9382;refseq:NP_061184;uniprot:Q8WTW3	COG1	0|3	3	1.50	2	33|48|35|34|30|0|0|0|36|33|30|36	0.00	0.00	0.00	0.00	0.00	-178.21	0.04	0.62	0	0	0
NSP12-Nt	geneid:57532;refseq:NP_065823;uniprot:Q7Z417	NUFIP2	0|8	8	4.00	2	32|38|34|33|27|0|0|0|25|29|26|31	0.00	0.00	0.00	0.00	0.00	-155.76	0.11	0.62	0	0	0
NSP12-Nt	geneid:283373;refseq:NP_775866;uniprot:Q8NB46	ANKRD52	0|3	3	1.50	2	14|8|10|11|15|0|0|0|14|11|15|16	0.00	0.00	0.00	0.00	0.00	-67.68	0.10	0.62	0	0	0
NSP12-Nt	geneid:3872;refseq:NP_000413;uniprot:Q04695	KRT17	0|27	27	13.50	2	0|0|0|0|0|0|0|25|0|0|0|0	0.18	0.35	0.17	0.34	0.18	-35.02	1.62	0.19	11.42	17.33	1.43
NSP12-Nt	geneid:440689;refseq:NP_001019770;uniprot:Q5QNW6	H2BC18	0|4	4	2.00	2	4|0|7|6|5|0|6|0|10|6|6|11	0.00	0.00	0.00	0.00	0.00	-40.93	0.21	0.62	0	0	0
NSP12-Nt	geneid:4478;refseq:NP_002435;uniprot:P26038	MSN	0|6	6	3.00	2	26|33|26|30|31|0|2|0|25|26|25|30	0.00	0.00	0.00	0.00	0.00	-139.32	0.10	0.62	0	0	0
NSP12-Nt	geneid:8653;refseq:NP_001116137;uniprot:O15523	DDX3Y	0|14	14	7.00	2	53|60|55|48|45|0|0|0|49|52|56|55	0.00	0.00	0.00	0.00	0.00	-254.52	0.12	0.62	0	0	0
NSP12-Nt	geneid:1808;refseq:NP_001184222;uniprot:Q16555	DPYSL2	0|6	6	3.00	2	45|49|42|40|43|0|0|0|44|36|28|32	0.00	0.00	0.00	0.00	0.00	-205.13	0.07	0.62	0	0	0
NSP12-Nt	geneid:8140;refseq:NP_003477;uniprot:Q01650	SLC7A5	0|4	4	2.00	2	3|0|0|2|4|0|0|0|7|8|2|3	0.00	0.00	0.00	0.00	0.00	-27.63	0.32	0.44	0	0	0
NSP12-Nt	geneid:3009;refseq:NP_005313;uniprot:P16401	H1-5	0|2	2	1.00	2	0|0|0|0|0|0|2|0|0|0|0|0	0.23	0.45	0.22	0.44	0.23	-3.60	1.50	0.18	0.83	2.41	2
NSP12-Nt	geneid:3007;refseq:NP_005311;uniprot:P16402	H1-3	0|7	7	3.50	2	0|0|0|0|0|0|10|0|0|0|0|0	0.05	0.09	0.04	0.09	0.05	-13.49	1.05	0.22	2.67	7.92	3.04
NSP12-Nt	geneid:3854;refseq:NP_005546;uniprot:P04259	KRT6B	0|38	38	19.00	2	0|0|0|0|0|0|0|49|17|0|0|0	0.00	0.00	0.00	0.00	0.00	-95.93	0.86	0.50	13.5	15.69	1
NSP12-Nt	geneid:3853;refseq:NP_005545;uniprot:P02538	KRT6A	0|37	37	18.50	2	0|0|0|17|36|0|41|48|0|0|0|0	0.00	0.00	0.00	0.00	0.00	-185.68	0.44	0.59	6.67	7.75	0.54
NSP12-Nt	geneid:9119;refseq:NP_004684;uniprot:O95678	KRT75	0|16	16	8.00	2	0|0|0|0|0|0|0|0|0|0|0|0	0.50	1.00	0.50	1.00	0.50	-1.43	80.00	0.03	8	9.52	Infinity
NSP12-Nt	geneid:57142;refseq:NP_065393;uniprot:Q9NQC3	RTN4	0|2	2	1.00	2	19|20|23|23|23|0|0|0|20|17|12|15	0.00	0.00	0.00	0.00	0.00	-101.97	0.04	0.62	0	0	0
NSP12-Nt	geneid:6157;refseq:NP_000981;uniprot:P46776	RPL27A	0|2	2	1.00	2	0|0|0|0|0|0|2|0|2|0|0|0	0.03	0.06	0.03	0.05	0.03	-5.99	0.75	0.22	0.67	2.97	0.16
NSP12-Nt	geneid:6164;refseq:NP_000986;uniprot:P49207	RPL34	0|2	2	1.00	2	0|3|0|0|0|0|5|0|3|0|0|3	0.00	0.00	0.00	0.00	0.00	-15.90	0.27	0.37	0	0	0
NSP12-Nt	geneid:79083;refseq:NP_001035932;uniprot:Q9BV36	MLPH	0|2	2	1.00	2	24|17|18|18|12|0|0|0|16|19|13|16	0.00	0.00	0.00	0.00	0.00	-90.04	0.05	0.62	0	0	0
NSP12-Nt	geneid:9793;refseq:NP_001008938;uniprot:Q14008	CKAP5	0|3	3	1.50	2	36|37|20|25|26|0|0|0|29|24|26|27	0.00	0.00	0.00	0.00	0.00	-151.28	0.04	0.62	0	0	0
NSP12-Nt	geneid:4637;refseq:NP_066299;uniprot:P60660	MYL6	0|2	2	1.00	2	7|9|10|11|10|0|0|0|10|9|10|10	0.00	0.00	0.00	0.00	0.00	-45.38	0.10	0.62	0	0	0
NSP12-Nt	geneid:54828;refseq:NP_001092902;uniprot:Q9H6U6	BCAS3	0|2	2	1.00	2	17|18|19|16|17|0|0|0|14|13|13|14	0.00	0.00	0.00	0.00	0.00	-79.58	0.06	0.62	0	0	0
NSP12-Nt	geneid:53349;refseq:NP_067083;uniprot:Q9HBF4	ZFYVE1	0|2	2	1.00	2	18|22|15|19|15|0|0|0|21|20|21|25	0.00	0.00	0.00	0.00	0.00	-100.49	0.04	0.62	0	0	0
NSP12-Nt	geneid:257160;refseq:NP_001070707;uniprot:Q8ND24	RNF214	0|3	3	1.50	2	27|7|23|21|18|0|0|0|19|13|6|6	0.00	0.00	0.00	0.00	0.00	-104.97	0.06	0.62	0	0	0
NSP12-Nt	geneid:57016;refseq:NP_064695;uniprot:O60218	AKR1B10	0|2	2	1.00	2	15|20|20|9|15|0|0|0|17|19|19|22	0.00	0.00	0.00	0.00	0.00	-91.54	0.05	0.62	0	0	0
NSP12-Nt	geneid:27067;refseq:NP_001157852;uniprot:Q9NUL3	STAU2	0|4	4	2.00	2	17|26|29|22|21|0|0|0|18|16|20|15	0.00	0.00	0.00	0.00	0.00	-113.93	0.08	0.62	0	0	0
NSP12-Nt	geneid:6144;refseq:NP_000973;uniprot:P46778	RPL21	0|3	3	1.50	2	0|0|0|0|0|0|0|0|0|0|0|0	0.50	0.99	0.50	0.99	0.50	-1.41	15.00	0.07	1.5	6.15	0.29
NSP12-Nt	geneid:9779;refseq:NP_001127852;uniprot:Q92609	TBC1D5	0|2	2	1.00	2	25|23|26|22|24|0|0|0|29|26|23|20	0.00	0.00	0.00	0.00	0.00	-119.89	0.04	0.62	0	0	0
NSP12-Nt	geneid:4643;refseq:NP_004989;uniprot:Q12965	MYO1E	0|2	2	1.00	2	24|26|17|20|16|0|0|0|23|19|20|17	0.00	0.00	0.00	0.00	0.00	-107.95	0.04	0.62	0	0	0
NSP12-Nt	geneid:9590;refseq:NP_005091;uniprot:Q02952	AKAP12	0|2	2	1.00	2	36|31|8|16|15|0|0|0|26|21|27|27	0.00	0.00	0.00	0.00	0.00	-139.32	0.03	0.62	0	0	0
NSP12-Nt	geneid:10598;refseq:NP_036243;uniprot:O95433	AHSA1	0|2	2	1.00	2	6|10|14|11|9|0|0|0|14|12|7|10	0.00	0.00	0.00	0.00	0.00	-58.72	0.07	0.62	0	0	0
NSP12-Nt	geneid:231;refseq:NP_001619;uniprot:P15121	AKR1B1	0|3	3	1.50	2	5|2|0|0|0|0|4|0|2|0|0|2	0.00	0.00	0.00	0.00	0.00	-15.93	0.41	0.34	0.25	0.52	0.04
NSP12-Nt	geneid:4008;refseq:NP_005349;uniprot:Q8WWI1	LMO7	0|2	2	1.00	2	52|48|27|35|38|0|0|0|43|38|46|55	0.00	0.00	0.00	0.00	0.00	-230.57	0.02	0.62	0	0	0
NSP12-Nt	geneid:8942;refseq:NP_001186170;uniprot:Q16719	KYNU	0|2	2	1.00	2	11|9|10|6|9|0|0|0|11|9|12|10	0.00	0.00	0.00	0.00	0.00	-49.84	0.09	0.62	0	0	0
NSP12-Ct	geneid:2539;refseq:NP_000393;uniprot:P11413	G6PD	35|46	81	40.50	2	168|166|141|96|108|0|2|0|148|145|129|156	0.00	0.00	0.00	0.00	0.00	-596.97	0.25	0.62	0	0	0
NSP12-Ct	geneid:3141;refseq:NP_000402;uniprot:P50747	HLCS	7|11	18	9.00	2	3|0|0|2|0|0|7|6|3|0|0|0	0.01	0.02	0.01	0.02	0.01	-9.65	1.69	0.25	7.25	5.85	1.64
NSP12-Ct	geneid:5096;refseq:NP_000523;uniprot:P05166	PCCB	4|9	13	6.50	2	0|0|0|0|0|2|8|12|0|0|0|0	0.00	0.00	0.00	0.00	0.00	-21.12	0.89	0.40	4.67	5.08	0.95
NSP12-Ct	geneid:191;refseq:NP_000678;uniprot:P23526	AHCY	4|5	9	4.50	2	25|31|13|30|17|0|3|0|30|32|29|25	0.00	0.00	0.00	0.00	0.00	-121.64	0.15	0.62	0	0	0
NSP12-Ct	geneid:216;refseq:NP_000680;uniprot:P00352	ALDH1A1	10|19	29	14.50	2	33|40|24|24|25|9|26|3|37|31|34|34	0.00	0.00	0.00	0.00	0.00	-129.64	0.39	0.62	0	0	0
NSP12-Ct	geneid:301;refseq:NP_000691;uniprot:P04083	ANXA1	22|32	54	27.00	2	65|84|96|67|70|0|0|0|84|78|79|77	0.00	0.00	0.00	0.00	0.00	-312.77	0.31	0.62	0	0	0
NSP12-Ct	geneid:5091;refseq:NP_000911;uniprot:P11498	PC	682|758	1440	720.00	2	868|884|226|225|242|1091|926|506|838|792|401|516	0.00	0.00	0.00	0.00	0.00	-inf	0.74	0.62	93.75	46.64	0.2
NSP12-Ct	geneid:6122;refseq:NP_000958;uniprot:P39023	RPL3	3|11	14	7.00	2	13|17|3|3|0|0|5|0|26|22|19|24	0.00	0.00	0.00	0.00	0.00	-94.49	0.29	0.62	0	0	0
NSP12-Ct	geneid:6125;refseq:NP_000960;uniprot:P46777	RPL5	3|13	16	8.00	2	27|23|4|0|3|0|3|0|21|23|17|15	0.00	0.00	0.00	0.00	0.00	-95.95	0.33	0.58	0	0	0
NSP12-Ct	geneid:6128;refseq:NP_000961;uniprot:Q02878	RPL6	5|7	12	6.00	2	19|17|12|4|12|7|4|0|16|15|14|13	0.00	0.00	0.00	0.00	0.00	-60.10	0.35	0.62	0	0	0
NSP12-Ct	geneid:302;refseq:NP_001002857;uniprot:P07355	ANXA2	22|31	53	26.50	2	74|88|75|62|60|0|7|0|89|75|69|82	0.00	0.00	0.00	0.00	0.00	-305.70	0.31	0.62	0	0	0
NSP12-Ct	geneid:6202;refseq:NP_001003;uniprot:P62241	RPS8	5|5	10	5.00	2	3|5|0|0|0|0|7|2|8|7|5|4	0.00	0.00	0.00	0.00	0.00	-19.80	0.68	0.46	1.58	4.45	0.18
NSP12-Ct	geneid:908;refseq:NP_001753;uniprot:P40227	CCT6A	2|8	10	5.00	2	26|30|30|22|27|0|0|0|30|32|28|25	0.00	0.00	0.00	0.00	0.00	-127.37	0.16	0.62	0	0	0
NSP12-Ct	geneid:7311;refseq:NP_001029102;uniprot:P62987	UBA52	16|25	41	20.50	2	4|15|2|3|4|0|0|0|15|10|29|35	0.00	0.00	0.00	0.00	0.00	-72.00	0.78	0.57	10.75	49.21	0.33
NSP12-Ct	geneid:9859;refseq:NP_055627;uniprot:Q5SW79	CEP170	3|4	7	3.50	2	60|89|47|56|55|0|0|0|74|66|71|74	0.00	0.00	0.00	0.00	0.00	-337.83	0.04	0.62	0	0	0
NSP12-Ct	geneid:1982;refseq:NP_001166176;uniprot:P78344	EIF4G2	2|5	7	3.50	2	85|104|105|89|101|0|0|0|91|87|97|107	0.00	0.00	0.00	0.00	0.00	-460.29	0.03	0.62	0	0	0
NSP12-Ct	geneid:7086;refseq:NP_001055;uniprot:P29401	TKT	6|14	20	10.00	2	44|43|47|47|44|0|9|0|47|48|46|52	0.00	0.00	0.00	0.00	0.00	-193.39	0.20	0.62	0	0	0
NSP12-Ct	geneid:57698;refseq:NP_001120683;uniprot:A0MZ66	SHTN1	6|8	14	7.00	2	46|42|50|36|39|0|0|0|51|56|42|56	0.00	0.00	0.00	0.00	0.00	-216.70	0.13	0.62	0	0	0
NSP12-Ct	geneid:94121;refseq:NP_001123368;uniprot:Q96C24	SYTL4	3|4	7	3.50	2	61|58|40|28|29|0|0|0|49|48|56|50	0.00	0.00	0.00	0.00	0.00	-245.89	0.06	0.62	0	0	0
NSP12-Ct	geneid:79139;refseq:NP_001128143;uniprot:Q9BUN8	DERL1	4|0	4	2.00	2	0|0|0|0|0|0|4|0|0|0|0|0	0.26	0.52	0.25	0.51	0.26	-5.48	1.50	0.17	1.67	4.24	0.54
NSP12-Ct	geneid:3267;refseq:NP_001128659;uniprot:P52594	AGFG1	11|14	25	12.50	2	110|114|96|74|81|0|0|0|107|109|74|81	0.00	0.00	0.00	0.00	0.00	-447.42	0.11	0.62	0	0	0
NSP12-Ct	geneid:9825;refseq:NP_001129245;uniprot:Q9UM82	SPATA2	18|30	48	24.00	2	35|52|16|13|18|0|0|0|38|37|52|62	0.00	0.00	0.00	0.00	0.00	-185.80	0.43	0.61	0	0	0
NSP12-Ct	geneid:1465;refseq:NP_001180499;uniprot:P21291	CSRP1	2|4	6	3.00	2	6|11|4|3|4|0|0|0|8|10|10|10	0.00	0.00	0.00	0.00	0.00	-38.59	0.29	0.62	0	0	0
NSP12-Ct	geneid:1981;refseq:NP_937887;uniprot:Q04637	EIF4G1	2|7	9	4.50	2	75|110|46|51|53|0|0|0|76|82|83|75	0.00	0.00	0.00	0.00	0.00	-398.74	0.05	0.62	0	0	0
NSP12-Ct	geneid:3428;refseq:NP_005522;uniprot:Q16666	IFI16	5|13	18	9.00	2	49|63|38|31|29|0|0|0|51|51|49|45	0.00	0.00	0.00	0.00	0.00	-223.26	0.16	0.62	0	0	0
NSP12-Ct	geneid:6138;refseq:NP_001240308;uniprot:P61313	RPL15	5|4	9	4.50	2	7|8|0|0|0|0|5|2|5|6|6|9	0.00	0.00	0.00	0.00	0.00	-24.20	0.56	0.48	0.5	1.44	0.04
NSP12-Ct	geneid:54801;refseq:NP_060115;uniprot:Q7Z4H7	HAUS6	9|8	17	8.50	2	60|71|56|60|57|0|0|0|67|65|59|52	0.00	0.00	0.00	0.00	0.00	-268.07	0.13	0.62	0	0	0
NSP12-Ct	geneid:1396;refseq:NP_001302;uniprot:P50238	CRIP1	3|0	3	1.50	2	6|7|2|0|3|0|0|0|6|9|4|6	0.00	0.00	0.00	0.00	0.00	-32.06	0.20	0.62	0	0	0
NSP12-Ct	geneid:1975;refseq:NP_001408;uniprot:P23588	EIF4B	7|21	28	14.00	2	86|112|61|60|59|0|0|0|89|97|78|87	0.00	0.00	0.00	0.00	0.00	-411.19	0.14	0.62	0	0	0
NSP12-Ct	geneid:1828;refseq:NP_001933;uniprot:Q02413	DSG1	5|7	12	6.00	2	0|0|0|2|27|0|7|3|0|0|0|0	0.00	0.00	0.00	0.00	0.00	-38.28	0.49	0.53	2.75	1.54	0.82
NSP12-Ct	geneid:3728;refseq:NP_002221;uniprot:P14923	JUP	7|4	11	5.50	2	21|19|16|17|47|0|12|2|25|22|20|18	0.00	0.00	0.00	0.00	0.00	-122.30	0.18	0.62	0	0	0
NSP12-Ct	geneid:4627;refseq:NP_002464;uniprot:P35579	MYH9	3|13	16	8.00	2	261|267|93|120|139|0|0|0|167|165|171|187	0.00	0.00	0.00	0.00	0.00	-inf	0.03	0.62	0	0	0
NSP12-Ct	geneid:5062;refseq:NP_002568;uniprot:Q13177	PAK2	4|5	9	4.50	2	41|52|53|48|53|0|0|0|50|51|44|52	0.00	0.00	0.00	0.00	0.00	-216.76	0.09	0.62	0	0	0
NSP12-Ct	geneid:5250;refseq:NP_002626;uniprot:Q00325	SLC25A3	4|6	10	5.00	2	9|8|0|0|0|0|3|2|7|8|19|13	0.00	0.00	0.00	0.00	0.00	-47.12	0.37	0.55	0	0	0
NSP12-Ct	geneid:7082;refseq:NP_003248;uniprot:Q07157	TJP1	14|18	32	16.00	2	142|184|105|129|136|0|0|0|152|147|154|163	0.00	0.00	0.00	0.00	0.00	-682.77	0.10	0.62	0	0	0
NSP12-Ct	geneid:7265;refseq:NP_003305;uniprot:Q99614	TTC1	3|5	8	4.00	2	9|10|6|6|3|0|0|0|9|7|5|4	0.00	0.00	0.00	0.00	0.00	-31.80	0.43	0.51	0	0	0
NSP12-Ct	geneid:2194;refseq:NP_004095;uniprot:P49327	FASN	12|33	45	22.50	2	184|174|71|83|105|0|0|0|134|124|131|137	0.00	0.00	0.00	0.00	0.00	-681.29	0.14	0.62	0	0	0
NSP12-Ct	geneid:8021;refseq:NP_005076;uniprot:P35658	NUP214	2|6	8	4.00	2	113|143|61|75|68|0|0|0|68|75|82|93	0.00	0.00	0.00	0.00	0.00	-508.80	0.03	0.62	0	0	0
NSP12-Ct	geneid:5093;refseq:NP_006187;uniprot:Q15365	PCBP1	6|7	13	6.50	2	34|29|36|33|34|0|0|0|35|32|27|30	0.00	0.00	0.00	0.00	0.00	-132.57	0.19	0.62	0	0	0
NSP12-Ct	geneid:5901;refseq:NP_006316;uniprot:P62826	RAN	5|9	14	7.00	2	7|13|6|8|9|14|7|3|17|16|15|13	0.00	0.00	0.00	0.00	0.00	-54.53	0.44	0.62	0	0	0
NSP12-Ct	geneid:10694;refseq:NP_006576;uniprot:P50990	CCT8	114|144	258	129.00	2	234|256|225|182|181|0|0|0|290|266|193|219	0.00	0.00	0.00	0.00	0.00	-inf	0.48	0.62	0	0	0
NSP12-Ct	geneid:10726;refseq:NP_006591;uniprot:Q9Y266	NUDC	23|28	51	25.50	2	17|22|25|23|24|0|0|0|23|33|22|22	0.00	0.00	0.00	0.00	0.00	-64.21	0.93	0.57	7.92	14.02	3.13
NSP12-Ct	geneid:11214;refseq:NP_006729;uniprot:Q12802	AKAP13	3|9	12	6.00	2	139|156|52|60|71|0|0|0|89|90|116|124	0.00	0.00	0.00	0.00	0.00	-608.64	0.04	0.62	0	0	0
NSP12-Ct	geneid:11313;refseq:NP_009191;uniprot:O95372	LYPLA2	2|5	7	3.50	2	62|32|48|31|35|0|0|0|31|39|19|24	0.00	0.00	0.00	0.00	0.00	-211.28	0.07	0.62	0	0	0
NSP12-Ct	geneid:22948;refseq:NP_036205;uniprot:P48643	CCT5	4|7	11	5.50	2	16|18|25|21|15|0|0|0|22|19|14|16	0.00	0.00	0.00	0.00	0.00	-85.55	0.24	0.62	0	0	0
NSP12-Ct	geneid:23607;refseq:NP_036252;uniprot:Q9Y5K6	CD2AP	5|11	16	8.00	2	76|68|71|67|71|0|0|0|64|68|68|70	0.00	0.00	0.00	0.00	0.00	-301.23	0.11	0.62	0	0	0
NSP12-Ct	geneid:23528;refseq:NP_036614;uniprot:Q9Y2X9	ZNF281	6|8	14	7.00	2	26|40|51|54|53|0|0|0|82|90|78|75	0.00	0.00	0.00	0.00	0.00	-344.44	0.08	0.62	0	0	0
NSP12-Ct	geneid:23603;refseq:NP_055140;uniprot:Q9ULV4	CORO1C	2|4	6	3.00	2	36|41|17|21|23|0|0|0|31|32|46|37	0.00	0.00	0.00	0.00	0.00	-174.62	0.07	0.62	0	0	0
NSP12-Ct	geneid:29766;refseq:NP_055362;uniprot:Q9NYL9	TMOD3	3|8	11	5.50	2	47|49|49|44|42|0|0|0|43|48|42|46	0.00	0.00	0.00	0.00	0.00	-203.02	0.11	0.62	0	0	0
NSP12-Ct	geneid:9857;refseq:NP_055625;uniprot:Q5VT06	CEP350	12|22	34	17.00	2	86|88|7|14|14|0|0|0|51|45|51|63	0.00	0.00	0.00	0.00	0.00	-303.68	0.22	0.62	0	0	0
NSP12-Ct	geneid:10890;refseq:NP_057215;uniprot:P61026	RAB10	2|4	6	3.00	2	10|10|5|3|6|0|3|0|9|10|9|9	0.00	0.00	0.00	0.00	0.00	-37.16	0.30	0.62	0	0	0
NSP12-Ct	geneid:55094;refseq:NP_060495;uniprot:Q9BRR8	GPATCH1	16|25	41	20.50	2	96|64|70|63|63|0|0|0|76|85|74|72	0.00	0.00	0.00	0.00	0.00	-320.28	0.24	0.62	0	0	0
NSP12-Ct	geneid:3070;refseq:NP_060533;uniprot:Q9NRZ9	HELLS	10|17	27	13.50	2	69|68|125|118|114|0|0|0|215|218|169|202	0.00	0.00	0.00	0.00	0.00	-inf	0.06	0.62	0	0	0
NSP12-Ct	geneid:56922;refseq:NP_064551;uniprot:Q96RQ3	MCCC1	209|254	463	231.50	2	206|216|42|44|49|198|245|170|159|146|138|153	0.00	0.00	0.00	0.00	0.00	-481.55	1.04	0.62	84.33	68.16	0.75
NSP12-Ct	geneid:56949;refseq:NP_064581;uniprot:Q9HCS7	XAB2	10|10	20	10.00	2	108|110|117|115|114|0|0|0|208|202|157|190	0.00	0.00	0.00	0.00	0.00	-inf	0.05	0.62	0	0	0
NSP12-Ct	geneid:64759;refseq:NP_073585;uniprot:Q68CZ2	TNS3	3|10	13	6.50	2	115|144|73|76|71|0|0|0|112|110|97|116	0.00	0.00	0.00	0.00	0.00	-542.94	0.05	0.62	0	0	0
NSP12-Ct	geneid:79180;refseq:NP_077305;uniprot:Q96C19	EFHD2	2|3	5	2.50	2	20|16|22|21|14|0|0|0|15|12|14|14	0.00	0.00	0.00	0.00	0.00	-84.81	0.12	0.62	0	0	0
NSP12-Ct	geneid:113146;refseq:NP_612429;uniprot:Q8IVF2	AHNAK2	238|287	525	262.50	2	889|914|418|579|529|0|0|0|680|677|776|890	0.00	0.00	0.00	0.00	0.00	-inf	0.29	0.62	0	0	0
NSP12-Ct	geneid:90861;refseq:NP_653171;uniprot:Q9H910	JPT2	3|8	11	5.50	2	18|22|22|17|19|0|0|0|50|55|22|25	0.00	0.00	0.00	0.00	0.00	-178.65	0.13	0.62	0	0	0
NSP12-Ct	geneid:283237;refseq:NP_776171;uniprot:Q8N5M4	TTC9C	2|4	6	3.00	2	4|0|3|0|5|0|0|0|2|3|2|4	0.00	0.00	0.00	0.00	0.00	-13.77	0.69	0.35	1.08	3.7	1.13
NSP12-Ct	geneid:3857;refseq:NP_000217;uniprot:P35527	KRT9	128|41	169	84.50	2	20|3|24|30|176|34|94|59|20|91|41|64	0.00	0.00	0.00	0.00	0.00	-397.54	0.70	0.62	29.83	28.06	0.86
NSP12-Ct	geneid:3858;refseq:NP_000412;uniprot:P13645	KRT10	94|96	190	95.00	2	23|10|16|92|242|139|87|76|70|43|59|29	0.00	0.00	0.00	0.00	0.00	-432.68	0.60	0.62	21.17	21.24	0.62
NSP12-Ct	geneid:3861;refseq:NP_000517;uniprot:P02533	KRT14	71|31	102	51.00	2	0|0|0|19|76|0|58|43|8|13|10|13	0.00	0.00	0.00	0.00	0.00	-170.66	0.86	0.60	31	38.49	1.49
NSP12-Ct	geneid:3868;refseq:NP_005548;uniprot:P08779	KRT16	44|21	65	32.50	2	0|0|0|17|60|0|35|50|0|12|0|12	0.00	0.00	0.00	0.00	0.00	-149.38	0.67	0.60	17	21.06	1.09
NSP12-Ct	geneid:3875;refseq:NP_000215;uniprot:P05783	KRT18	17|24	41	20.50	2	227|203|176|133|142|0|8|0|189|169|144|165	0.00	0.00	0.00	0.00	0.00	-inf	0.10	0.62	0	0	0
NSP12-Ct	geneid:3886;refseq:NP_002271;uniprot:Q92764	KRT35	4|0	4	2.00	2	0|0|0|0|0|0|0|0|0|0|0|0	0.50	1.00	0.50	1.00	0.50	-1.43	20.00	0.05	2	2.58	4.95
NSP12-Ct	geneid:5095;refseq:NP_000273;uniprot:P05165	PCCA	287|339	626	313.00	2	214|208|142|106|99|396|299|235|181|164|163|188	0.00	0.00	0.00	0.00	0.00	-676.58	1.01	0.62	113.42	91.3	1.28
NSP12-Ct	geneid:57509;refseq:NP_001001924;uniprot:Q9ULD2	MTUS1	17|23	40	20.00	2	168|207|64|50|85|0|0|0|158|138|148|163	0.00	0.00	0.00	0.00	0.00	-inf	0.11	0.62	0	0	0
NSP12-Ct	geneid:388697;refseq:NP_001009931;uniprot:Q86YZ3	HRNR	10|0	10	5.00	2	0|0|0|0|5|0|4|0|0|0|0|0	0.33	0.67	0.33	0.65	0.33	-12.65	1.67	0.17	4.25	0.87	1.9
NSP12-Ct	geneid:26058;refseq:NP_001096616;uniprot:Q6Y7W6	GIGYF2	7|14	21	10.50	2	91|85|31|39|47|0|0|0|68|75|67|79	0.00	0.00	0.00	0.00	0.00	-347.91	0.12	0.62	0	0	0
NSP12-Ct	geneid:2316;refseq:NP_001104026;uniprot:P21333	FLNA	133|150	283	141.50	2	622|654|381|328|452|0|0|0|503|441|474|542	0.00	0.00	0.00	0.00	0.00	-inf	0.23	0.62	0	0	0
NSP12-Ct	geneid:2317;refseq:NP_001157789;uniprot:O75369	FLNB	7|17	24	12.00	2	279|286|119|140|157|0|0|0|217|197|211|238	0.00	0.00	0.00	0.00	0.00	-inf	0.04	0.62	0	0	0
NSP12-Ct	geneid:7430;refseq:NP_001104547;uniprot:P15311	EZR	3|9	12	6.00	2	72|96|68|61|76|0|0|0|72|78|79|75	0.00	0.00	0.00	0.00	0.00	-361.61	0.07	0.62	0	0	0
NSP12-Ct	geneid:8653;refseq:NP_001116137;uniprot:O15523	DDX3Y	3|4	7	3.50	2	53|60|55|48|45|0|0|0|49|52|56|55	0.00	0.00	0.00	0.00	0.00	-239.97	0.06	0.62	0	0	0
NSP12-Ct	geneid:2935;refseq:NP_001123478;uniprot:P15170	GSPT1	22|27	49	24.50	2	81|95|73|52|59|0|0|0|75|84|73|85	0.00	0.00	0.00	0.00	0.00	-312.77	0.28	0.62	0	0	0
NSP12-Ct	geneid:23708;refseq:NP_060564;uniprot:Q8IYD1	GSPT2	15|0	15	7.50	2	52|60|50|32|42|0|0|0|45|54|53|52	0.00	0.00	0.00	0.00	0.00	-248.54	0.13	0.62	0	0	0
NSP12-Ct	geneid:1936;refseq:NP_001123525;uniprot:P29692	EEF1D	2|6	8	4.00	2	18|23|25|23|22|0|0|0|21|16|22|25	0.00	0.00	0.00	0.00	0.00	-99.43	0.16	0.62	0	0	0
NSP12-Ct	geneid:292;refseq:NP_001143;uniprot:P05141	SLC25A5	8|9	17	8.50	2	18|28|4|0|0|0|7|0|20|17|19|28	0.00	0.00	0.00	0.00	0.00	-85.90	0.34	0.62	0	0	0
NSP12-Ct	geneid:293;refseq:NP_001627;uniprot:P12236	SLC25A6	8|9	17	8.50	2	19|26|0|2|0|0|7|0|22|20|19|28	0.00	0.00	0.00	0.00	0.00	-85.90	0.34	0.62	0	0	0
NSP12-Ct	geneid:3939;refseq:NP_001158886;uniprot:P00338	LDHA	7|7	14	7.00	2	17|14|10|8|6|0|7|0|15|16|12|10	0.00	0.00	0.00	0.00	0.00	-49.88	0.44	0.62	0	0	0
NSP12-Ct	geneid:3945;refseq:NP_001167568;uniprot:P07195	LDHB	3|3	6	3.00	2	8|11|6|5|8|0|6|0|12|9|6|8	0.00	0.00	0.00	0.00	0.00	-37.34	0.28	0.62	0	0	0
NSP12-Ct	geneid:5052;refseq:NP_001189360;uniprot:Q06830	PRDX1	8|8	16	8.00	2	12|17|22|30|24|17|5|4|17|15|15|11	0.00	0.00	0.00	0.00	0.00	-85.90	0.32	0.62	0	0	0
NSP12-Ct	geneid:5315;refseq:NP_002645;uniprot:P14618	PKM	24|34	58	29.00	2	62|87|39|26|33|39|28|12|63|57|66|70	0.00	0.00	0.00	0.00	0.00	-249.76	0.39	0.62	0	0	0
NSP12-Ct	geneid:8644;refseq:NP_001240837;uniprot:P42330	AKR1C3	4|0	4	2.00	2	22|29|24|16|18|0|3|0|19|21|23|25	0.00	0.00	0.00	0.00	0.00	-115.40	0.08	0.62	0	0	0
NSP12-Ct	geneid:23189;refseq:NP_001243805;uniprot:Q14678	KANK1	4|6	10	5.00	2	75|94|7|11|14|0|0|0|70|67|66|75	0.00	0.00	0.00	0.00	0.00	-343.72	0.06	0.62	0	0	0
NSP12-Ct	geneid:3326;refseq:NP_001258898;uniprot:P08238	HSP90AB1	18|22	40	20.00	2	46|45|33|33|34|5|7|0|41|38|27|32	0.00	0.00	0.00	0.00	0.00	-138.97	0.45	0.62	0	0	0
NSP12-Ct	geneid:3320;refseq:NP_001017963;uniprot:P07900	HSP90AA1	11|13	24	12.00	2	37|41|21|23|23|0|5|2|32|26|26|26	0.00	0.00	0.00	0.00	0.00	-125.59	0.33	0.62	0	0	0
NSP12-Ct	geneid:7184;refseq:NP_003290;uniprot:P14625	HSP90B1	4|0	4	2.00	2	0|0|0|0|0|0|0|0|0|0|0|0	0.50	1.00	0.50	1.00	0.50	-1.43	20.00	0.05	2	1.46	0.17
NSP12-Ct	geneid:1915;refseq:NP_001393;uniprot:P68104	EEF1A1	7|8	15	7.50	2	27|25|21|19|21|19|11|6|36|31|19|27	0.00	0.00	0.00	0.00	0.00	-113.88	0.24	0.62	0	0	0
NSP12-Ct	geneid:79026;refseq:NP_001611;uniprot:Q09666	AHNAK	355|453	808	404.00	2	1169|1268|916|1093|1047|0|0|2|1037|1123|1190|1462	0.00	0.00	0.00	0.00	0.00	-inf	0.31	0.62	0	0	0
NSP12-Ct	geneid:2597;refseq:NP_002037;uniprot:P04406	GAPDH	13|16	29	14.50	2	24|26|6|3|12|0|28|12|26|25|24|16	0.00	0.00	0.00	0.00	0.00	-79.89	0.54	0.62	0	0	0
NSP12-Ct	geneid:4134;refseq:NP_001127836;uniprot:P27816	MAP4	56|72	128	64.00	2	374|365|277|303|297|0|0|0|430|363|289|326	0.00	0.00	0.00	0.00	0.00	-inf	0.16	0.62	0	0	0
NSP12-Ct	geneid:5585;refseq:NP_002732;uniprot:Q16512	PKN1	3|4	7	3.50	2	36|37|22|27|26|0|0|0|38|35|35|38	0.00	0.00	0.00	0.00	0.00	-154.42	0.09	0.62	0	0	0
NSP12-Ct	geneid:7295;refseq:NP_001231867;uniprot:P10599	TXN	24|21	45	22.50	2	83|74|24|17|19|0|2|3|136|48|45|79	0.00	0.00	0.00	0.00	0.00	-362.92	0.23	0.62	0	0	0
NSP12-Ct	geneid:8407;refseq:NP_003555;uniprot:P37802	TAGLN2	19|32	51	25.50	2	77|82|55|52|48|0|0|0|88|82|63|75	0.00	0.00	0.00	0.00	0.00	-304.21	0.30	0.62	0	0	0
NSP12-Ct	geneid:8871;refseq:NP_003889;uniprot:O15056	SYNJ2	6|13	19	9.50	2	106|115|45|52|49|0|0|0|88|86|92|108	0.00	0.00	0.00	0.00	0.00	-461.16	0.09	0.62	0	0	0
NSP12-Ct	geneid:1832;refseq:NP_004406;uniprot:P15924	DSP	13|10	23	11.50	2	23|19|8|8|103|0|21|3|10|9|13|16	0.00	0.00	0.00	0.00	0.00	-178.89	0.23	0.62	0	0	0
NSP12-Ct	geneid:1856;refseq:NP_004413;uniprot:O14641	DVL2	6|5	11	5.50	2	35|45|25|23|19|0|0|0|39|31|35|38	0.00	0.00	0.00	0.00	0.00	-160.42	0.14	0.62	0	0	0
NSP12-Ct	geneid:2017;refseq:NP_005222;uniprot:Q14247	CTTN	27|34	61	30.50	2	94|98|95|87|83|0|0|0|82|82|105|97	0.00	0.00	0.00	0.00	0.00	-349.89	0.30	0.62	0	0	0
NSP12-Ct	geneid:3006;refseq:NP_005310;uniprot:P16403	H1-2	2|11	13	6.50	2	2|0|0|0|0|6|10|6|2|0|0|0	0.00	0.00	0.00	0.00	0.00	-25.95	0.89	0.36	4.33	11.91	1.35
NSP12-Ct	geneid:4131;refseq:NP_005900;uniprot:P46821	MAP1B	106|124	230	115.00	2	475|530|218|268|271|0|0|0|417|397|364|424	0.00	0.00	0.00	0.00	0.00	-inf	0.24	0.62	0	0	0
NSP12-Ct	geneid:3848;refseq:NP_006112;uniprot:P04264	KRT1	165|118	283	141.50	2	30|20|30|76|267|105|156|103|73|113|78|83	0.00	0.00	0.00	0.00	0.00	-468.75	0.79	0.62	47	42.77	1.03
NSP12-Ct	geneid:3849;refseq:NP_000414;uniprot:P35908	KRT2	70|82	152	76.00	2	18|5|13|44|125|100|77|78|61|30|37|18	0.00	0.00	0.00	0.00	0.00	-259.53	0.75	0.62	25.5	23.38	0.82
NSP12-Ct	geneid:3852;refseq:NP_000415;uniprot:P13647	KRT5	70|51	121	60.50	2	0|0|0|12|66|13|61|45|15|21|16|24	0.00	0.00	0.00	0.00	0.00	-129.09	1.06	0.60	37.75	37.49	1.69
NSP12-Ct	geneid:3856;refseq:NP_001243211;uniprot:P05787	KRT8	51|58	109	54.50	2	132|133|106|90|101|0|45|13|130|134|128|168	0.00	0.00	0.00	0.00	0.00	-476.25	0.38	0.62	0	0	0
NSP12-Ct	geneid:7431;refseq:NP_003371;uniprot:P08670	VIM	44|47	91	45.50	2	158|205|151|157|150|0|14|0|170|160|158|194	0.00	0.00	0.00	0.00	0.00	-683.29	0.24	0.62	0	0	0
NSP12-Ct	geneid:286887;refseq:NP_775109;uniprot:P48668	KRT6C	43|0	43	21.50	2	0|0|0|0|0|0|41|0|0|21|0|30	0.00	0.00	0.00	0.00	0.00	-135.86	0.70	0.56	13.83	14.37	2.36
NSP12-Ct	geneid:3855;refseq:NP_005547;uniprot:P08729	KRT7	24|27	51	25.50	2	55|69|58|53|61|0|0|0|68|74|72|78	0.00	0.00	0.00	0.00	0.00	-251.30	0.34	0.62	0	0	0
NSP12-Ct	geneid:3887;refseq:NP_002272;uniprot:Q14533	KRT81	18|17	35	17.50	2	42|59|24|34|27|7|0|0|58|59|50|70	0.00	0.00	0.00	0.00	0.00	-219.17	0.28	0.62	0	0	0
NSP12-Ct	geneid:196374;refseq:NP_775487;uniprot:Q8N1N4	KRT78	9|7	16	8.00	2	0|0|0|0|5|0|5|4|0|0|0|0	0.01	0.01	0.01	0.01	0.01	-7.33	1.71	0.25	6.83	7.7	1.89
NSP12-Ct	geneid:5903;refseq:NP_006258;uniprot:P49792	RANBP2	7|12	19	9.50	2	224|240|69|101|118|0|0|0|126|137|144|148	0.00	0.00	0.00	0.00	0.00	-inf	0.05	0.62	0	0	0
NSP12-Ct	geneid:7094;refseq:NP_006280;uniprot:Q9Y490	TLN1	5|15	20	10.00	2	169|184|69|83|92|0|0|0|139|126|138|169	0.00	0.00	0.00	0.00	0.00	-inf	0.06	0.62	0	0	0
NSP12-Ct	geneid:3312;refseq:NP_006588;uniprot:P11142	HSPA8	23|29	52	26.00	2	35|38|72|61|75|29|5|0|37|33|28|25	0.00	0.00	0.00	0.00	0.00	-231.58	0.38	0.62	0	0	0
NSP12-Ct	geneid:3303;refseq:NP_005336;uniprot:P0DMV8	HSPA1A	8|10	18	9.00	2	28|24|27|24|26|0|0|0|18|17|9|13	0.00	0.00	0.00	0.00	0.00	-92.85	0.33	0.62	0	0	0
NSP12-Ct	geneid:10973;refseq:NP_006819;uniprot:Q8N3C0	ASCC3	18|24	42	21.00	2	202|225|75|85|101|0|0|0|188|167|151|178	0.00	0.00	0.00	0.00	0.00	-inf	0.10	0.62	0	0	0
NSP12-Ct	geneid:10579;refseq:NP_996744;uniprot:O95359	TACC2	8|10	18	9.00	2	61|79|78|52|59|0|0|0|83|86|68|66	0.00	0.00	0.00	0.00	0.00	-333.88	0.11	0.62	0	0	0
NSP12-Ct	geneid:11276;refseq:NP_009178;uniprot:Q9UMZ2	SYNRG	40|55	95	47.50	2	179|196|101|102|94|0|0|0|170|147|178|201	0.00	0.00	0.00	0.00	0.00	-705.09	0.25	0.62	0	0	0
NSP12-Ct	geneid:9685;refseq:NP_001182484;uniprot:Q14677	CLINT1	9|12	21	10.50	2	42|50|41|37|33|0|0|0|45|45|36|43	0.00	0.00	0.00	0.00	0.00	-173.67	0.23	0.62	0	0	0
NSP12-Ct	geneid:79657;refseq:NP_001139547;uniprot:Q9H6T3	RPAP3	44|57	101	50.50	2	42|45|47|35|38|0|0|0|55|53|48|51	0.00	0.00	0.00	0.00	0.00	-124.61	0.95	0.60	16	14.86	1.81
NSP12-Ct	geneid:31;refseq:NP_942131;uniprot:Q13085	ACACA	181|226	407	203.50	2	122|135|290|289|337|1840|161|157|70|68|65|83	0.00	0.00	0.00	0.00	0.00	-inf	0.25	0.62	0	0	NaN
NSP12-Ct	geneid:32;refseq:NP_001084;uniprot:O00763	ACACB	75|98	173	86.50	2	26|22|41|55|53|427|78|79|0|9|14|14	0.00	0.00	0.00	0.00	0.00	-621.46	0.44	0.62	18.33	4.37	2.99
NSP12-Ct	geneid:5644;refseq:NP_002760;uniprot:P07477	PRSS1	7|7	14	7.00	2	5|0|0|0|0|0|8|9|0|0|0|0	0.00	0.00	0.00	0.00	0.00	-16.68	0.95	0.43	5.17	12.27	1.71
NSP12-Ct	geneid:6232;refseq:NP_001021;uniprot:P42677	RPS27	4|3	7	3.50	2	3|0|0|0|0|0|3|0|5|0|0|4	0.00	0.00	0.00	0.00	0.00	-10.72	0.88	0.33	2.25	15.7	0.29
NSP12-Ct	geneid:9898;refseq:NP_001120792;uniprot:Q14157	UBAP2L	2|4	6	3.00	2	41|64|39|39|37|0|0|0|37|41|48|38	0.00	0.00	0.00	0.00	0.00	-217.20	0.06	0.62	0	0	0
NSP12-Ct	geneid:6774;refseq:NP_003141;uniprot:P40763	STAT3	2|3	5	2.50	2	93|93|63|65|61|0|0|0|94|78|77|81	0.00	0.00	0.00	0.00	0.00	-406.59	0.03	0.62	0	0	0
NSP12-Ct	geneid:3329;refseq:NP_002147;uniprot:P10809	HSPD1	3|4	7	3.50	2	21|20|5|3|2|0|0|0|6|3|0|0	0.00	0.00	0.00	0.00	0.00	-57.87	0.22	0.62	0	0	0
NSP12-Ct	geneid:10963;refseq:NP_006810;uniprot:P31948	STIP1	2|6	8	4.00	2	33|35|18|11|15|0|0|0|12|12|4|7	0.00	0.00	0.00	0.00	0.00	-118.09	0.14	0.62	0	0	0
NSP12-Ct	geneid:8725;refseq:NP_003787;uniprot:O94763	URI1	2|3	5	2.50	2	13|8|16|11|13|0|0|0|6|13|10|10	0.00	0.00	0.00	0.00	0.00	-54.31	0.18	0.62	0	0	0
NSP12-Ct	geneid:9043;refseq:NP_003962;uniprot:O60271	SPAG9	2|3	5	2.50	2	86|99|78|73|79|0|0|0|67|71|66|77	0.00	0.00	0.00	0.00	0.00	-382.76	0.03	0.62	0	0	0
NSP12-Ct	geneid:6674;refseq:NP_003105;uniprot:Q07617	SPAG1	2|3	5	2.50	2	8|6|6|3|5|0|0|0|6|7|4|11	0.00	0.00	0.00	0.00	0.00	-31.54	0.29	0.62	0	0	0
NSP12-Ct	geneid:6009;refseq:NP_005605;uniprot:Q15382	RHEB	2|0	2	1.00	2	7|7|19|11|16|0|0|0|12|11|9|8	0.00	0.00	0.00	0.00	0.00	-69.18	0.06	0.62	0	0	0
NSP12-Ct	geneid:27327;refseq:NP_055309;uniprot:Q8NDV7	TNRC6A	3|4	7	3.50	2	44|53|14|29|25|0|0|0|31|38|41|37	0.00	0.00	0.00	0.00	0.00	-191.22	0.08	0.62	0	0	0
NSP12-Ct	geneid:9612;refseq:NP_001070729;uniprot:Q9Y618	NCOR2	2|9	11	5.50	2	18|16|52|68|59|0|0|0|94|98|89|93	0.00	0.00	0.00	0.00	0.00	-414.04	0.06	0.62	0	0	0
NSP12-Ct	geneid:218;refseq:NP_000682;uniprot:P30838	ALDH3A1	0|3	3	1.50	2	21|23|14|11|13|0|0|0|16|16|16|17	0.00	0.00	0.00	0.00	0.00	-90.04	0.07	0.62	0	0	0
NSP12-Ct	geneid:6130;refseq:NP_000963;uniprot:P62424	RPL7A	0|2	2	1.00	2	0|0|3|0|0|0|3|0|0|0|0|0	0.00	0.01	0.00	0.01	0.00	-8.56	0.50	0.26	0.5	1.1	0.06
NSP12-Ct	geneid:6141;refseq:NP_000970;uniprot:Q07020	RPL18	0|2	2	1.00	2	0|0|0|0|0|0|4|0|0|0|0|0	0.06	0.12	0.06	0.11	0.06	-5.49	0.75	0.21	0.67	2.09	0.2
NSP12-Ct	geneid:6205;refseq:NP_001006;uniprot:P62280	RPS11	0|2	2	1.00	2	0|0|0|0|0|0|4|0|0|4|0|0	0.00	0.00	0.00	0.00	0.00	-11.44	0.38	0.30	0.33	1.22	0.05
NSP12-Ct	geneid:10814;refseq:NP_001008221;uniprot:Q6PUV4	CPLX2	0|4	4	2.00	2	17|12|12|7|8|0|0|0|13|14|15|17	0.00	0.00	0.00	0.00	0.00	-72.15	0.12	0.62	0	0	0
NSP12-Ct	geneid:388698;refseq:NP_001014364;uniprot:Q5D862	FLG2	0|3	3	1.50	2	0|0|0|0|5|0|5|0|0|0|0|0	0.00	0.00	0.00	0.00	0.00	-14.14	0.45	0.31	0.67	0.16	0.29
NSP12-Ct	geneid:55898;refseq:NP_001034764;uniprot:Q9H3U1	UNC45A	0|2	2	1.00	2	12|13|8|18|13|0|0|0|16|15|9|8	0.00	0.00	0.00	0.00	0.00	-72.15	0.06	0.62	0	0	0
NSP12-Ct	geneid:9765;refseq:NP_001098721;uniprot:Q7Z3T8	ZFYVE16	0|5	5	2.50	2	86|99|45|49|45|0|0|0|76|66|77|84	0.00	0.00	0.00	0.00	0.00	-401.30	0.03	0.62	0	0	0
NSP12-Ct	geneid:22998;refseq:NP_001106188;uniprot:Q9UPQ0	LIMCH1	0|3	3	1.50	2	131|128|54|58|62|0|0|0|90|91|108|124	0.00	0.00	0.00	0.00	0.00	-572.12	0.01	0.62	0	0	0
NSP12-Ct	geneid:22827;refseq:NP_001258025;uniprot:Q9UHX1	PUF60	0|3	3	1.50	2	41|37|0|40|33|0|0|0|49|53|39|43	0.00	0.00	0.00	0.00	0.00	-215.61	0.03	0.62	0	0	0
NSP12-Ct	geneid:23111;refseq:NP_001135766;uniprot:Q8N0X7	SPART	0|3	3	1.50	2	23|38|20|22|22|0|0|0|53|44|24|27	0.00	0.00	0.00	0.00	0.00	-200.62	0.03	0.62	0	0	0
NSP12-Ct	geneid:8878;refseq:NP_001135770;uniprot:Q13501	SQSTM1	0|3	3	1.50	2	24|25|17|18|15|0|0|0|21|22|19|19	0.00	0.00	0.00	0.00	0.00	-104.97	0.06	0.62	0	0	0
NSP12-Ct	geneid:6729;refseq:NP_003127;uniprot:P61011	SRP54	0|5	5	2.50	2	43|44|43|36|33|0|0|0|44|48|38|37	0.00	0.00	0.00	0.00	0.00	-202.14	0.06	0.62	0	0	0
NSP12-Ct	geneid:9611;refseq:NP_006302;uniprot:O75376	NCOR1	0|2	2	1.00	2	8|6|19|38|33|0|0|0|41|41|42|46	0.00	0.00	0.00	0.00	0.00	-191.66	0.02	0.62	0	0	0
NSP12-Ct	geneid:10576;refseq:NP_006422;uniprot:P78371	CCT2	0|3	3	1.50	2	19|17|27|26|20|0|0|0|12|14|12|11	0.00	0.00	0.00	0.00	0.00	-107.93	0.06	0.62	0	0	0
NSP12-Ct	geneid:3476;refseq:NP_001542;uniprot:P78318	IGBP1	0|2	2	1.00	2	34|28|39|29|31|0|0|0|36|40|30|34	0.00	0.00	0.00	0.00	0.00	-170.72	0.03	0.62	0	0	0
NSP12-Ct	geneid:9049;refseq:NP_003968;uniprot:O00170	AIP	0|3	3	1.50	2	0|0|0|0|0|0|0|0|0|0|0|0	0.50	0.99	0.50	0.99	0.50	-1.43	15.00	0.07	1.5	2.66	2.89
NSP12-Ct	geneid:7268;refseq:NP_004614;uniprot:O95801	TTC4	0|3	3	1.50	2	0|0|0|0|0|0|0|0|0|0|0|0	0.50	0.99	0.50	0.99	0.50	-1.43	15.00	0.07	1.5	2.27	0.77
NSP12-Ct	geneid:1823;refseq:NP_004939;uniprot:Q08554	DSC1	0|3	3	1.50	2	0|0|0|0|0|0|0|0|0|0|0|0	0.50	0.99	0.50	0.99	0.50	-1.43	15.00	0.07	1.5	1.05	1.9
NSP12-Ct	geneid:10399;refseq:NP_006089;uniprot:P63244	RACK1	0|3	3	1.50	2	5|2|6|0|5|6|17|2|9|6|4|0	0.00	0.00	0.00	0.00	0.00	-46.44	0.14	0.62	0	0	0
NSP12-Ct	geneid:143;refseq:NP_006428;uniprot:Q9UKK3	PARP4	0|2	2	1.00	2	65|87|19|32|32|0|0|0|39|35|50|49	0.00	0.00	0.00	0.00	0.00	-300.23	0.01	0.62	0	0	0
NSP12-Ct	geneid:9919;refseq:NP_055681;uniprot:O15027	SEC16A	0|3	3	1.50	2	65|83|42|44|49|0|0|0|51|52|51|56	0.00	0.00	0.00	0.00	0.00	-303.53	0.02	0.62	0	0	0
NSP12-Ct	geneid:23094;refseq:NP_055888;uniprot:O60292	SIPA1L3	0|3	3	1.50	2	104|106|48|55|66|0|0|0|76|68|78|82	0.00	0.00	0.00	0.00	0.00	-435.56	0.02	0.62	0	0	0
NSP12-Ct	geneid:54821;refseq:NP_060139;uniprot:Q2NKX8	ERCC6L	0|2	2	1.00	2	69|89|54|61|65|0|0|0|95|90|88|98	0.00	0.00	0.00	0.00	0.00	-422.27	0.01	0.62	0	0	0
NSP12-Ct	geneid:57559;refseq:NP_065850;uniprot:Q96FJ0	STAMBPL1	0|2	2	1.00	2	27|34|26|21|22|0|0|0|30|24|27|23	0.00	0.00	0.00	0.00	0.00	-134.84	0.03	0.62	0	0	0
NSP12-Ct	geneid:94056;refseq:NP_116185;uniprot:Q96A49	SYAP1	0|2	2	1.00	2	28|29|30|21|27|0|0|0|23|23|21|26	0.00	0.00	0.00	0.00	0.00	-128.86	0.03	0.62	0	0	0
NSP12-Ct	geneid:91754;refseq:NP_149107;uniprot:Q8TD19	NEK9	0|2	2	1.00	2	39|25|16|17|21|0|0|0|21|15|15|25	0.00	0.00	0.00	0.00	0.00	-131.57	0.03	0.62	0	0	0
NSP12-Ct	geneid:85456;refseq:NP_203754;uniprot:Q9C0C2	TNKS1BP1	0|7	7	3.50	2	124|125|73|76|78|0|0|0|109|87|108|100	0.00	0.00	0.00	0.00	0.00	-534.65	0.03	0.62	0	0	0
NSP12-Ct	geneid:64073;refseq:NP_277055;uniprot:Q9GZP8	C19orf33	0|2	2	1.00	2	0|0|0|0|0|0|0|0|0|0|0|0	0.48	0.96	0.48	0.96	0.48	-1.43	10.00	0.10	1	5.53	2.89
NSP12-Ct	geneid:117159;refseq:NP_444513;uniprot:P81605	DCD	0|5	5	2.50	2	0|0|0|0|0|0|5|0|0|0|0|0	0.26	0.53	0.26	0.51	0.26	-6.98	1.50	0.17	2.08	11.08	13.87
NSP12-Ct	geneid:55914;refseq:NP_001240626;uniprot:Q96RT1	ERBIN	0|4	4	2.00	2	89|126|46|60|50|0|0|0|65|69|89|69	0.00	0.00	0.00	0.00	0.00	-453.09	0.02	0.62	0	0	0
NSP12-Ct	geneid:60;refseq:NP_001092;uniprot:P60709	ACTB	0|5	5	2.50	2	6|6|16|11|17|36|11|0|8|0|7|8	0.00	0.00	0.00	0.00	0.00	-101.22	0.11	0.62	0	0	0
NSP12-Ct	geneid:85440;refseq:NP_001258928;uniprot:Q96N67	DOCK7	0|4	4	2.00	2	64|70|12|22|30|0|0|0|44|42|42|42	0.00	0.00	0.00	0.00	0.00	-264.54	0.03	0.62	0	0	0
NSP12-Ct	geneid:1645;refseq:NP_001344;uniprot:Q04828	AKR1C1	0|8	8	4.00	2	0|0|0|0|0|0|0|0|0|0|0|0	0.50	1.00	0.50	1.00	0.50	-1.43	40.00	0.04	4	7.26	3.47
NSP12-Ct	geneid:8140;refseq:NP_003477;uniprot:Q01650	SLC7A5	0|3	3	1.50	2	3|0|0|2|4|0|0|0|7|8|2|3	0.00	0.00	0.00	0.00	0.00	-27.63	0.24	0.46	0	0	0
NSP12-Ct	geneid:5216;refseq:NP_005013;uniprot:P07737	PFN1	0|3	3	1.50	2	5|5|6|8|5|8|7|0|8|5|6|3	0.00	0.00	0.00	0.00	0.00	-34.99	0.19	0.62	0	0	0
NSP12-Ct	geneid:2802;refseq:NP_005886;uniprot:Q08378	GOLGA3	0|7	7	3.50	2	76|75|37|63|56|0|0|0|55|56|69|74	0.00	0.00	0.00	0.00	0.00	-335.38	0.05	0.62	0	0	0
NSP12-Ct	geneid:374454;refseq:NP_778253;uniprot:Q7Z794	KRT77	0|19	19	9.50	2	0|0|0|0|0|0|12|8|0|0|8|0	0.00	0.00	0.00	0.00	0.00	-40.93	1.02	0.29	7.17	7.27	2.59
NSP12-Ct	geneid:3891;refseq:NP_002274;uniprot:P78386	KRT85	0|11	11	5.50	2	0|0|0|27|0|0|0|0|24|28|0|36	0.00	0.00	0.00	0.00	0.00	-134.84	0.18	0.60	0	0	0
NSP12-Ct	geneid:3927;refseq:NP_006139;uniprot:Q14847	LASP1	0|5	5	2.50	2	19|30|28|27|21|0|0|0|31|28|38|29	0.00	0.00	0.00	0.00	0.00	-146.79	0.08	0.62	0	0	0
NSP12-Ct	geneid:5094;refseq:NP_001092090;uniprot:Q15366	PCBP2	0|6	6	3.00	2	18|16|20|15|17|0|0|0|21|17|17|20	0.00	0.00	0.00	0.00	0.00	-90.04	0.15	0.62	0	0	0
NSP12-Ct	geneid:10808;refseq:NP_006635;uniprot:Q92598	HSPH1	0|7	7	3.50	2	46|51|28|31|39|0|0|0|52|49|38|33	0.00	0.00	0.00	0.00	0.00	-226.08	0.07	0.62	0	0	0
NSP12-Ct	geneid:56829;refseq:NP_064504;uniprot:Q7Z2W4	ZC3HAV1	0|3	3	1.50	2	67|98|43|45|55|0|0|0|73|82|86|75	0.00	0.00	0.00	0.00	0.00	-396.80	0.02	0.62	0	0	0
NSP12-Ct	geneid:23336;refseq:NP_663780;uniprot:O15061	SYNM	0|6	6	3.00	2	66|74|38|51|52|0|0|0|66|65|68|57	0.00	0.00	0.00	0.00	0.00	-309.92	0.04	0.62	0	0	0
NSP12-Ct	geneid:1728;refseq:NP_000894;uniprot:P15559	NQO1	0|3	3	1.50	2	6|9|6|5|3|0|3|0|7|7|4|4	0.00	0.00	0.00	0.00	0.00	-33.54	0.20	0.62	0	0	0
NSP12-Ct	geneid:10801;refseq:NP_001106963;uniprot:Q9UHD8	SEPTIN9	0|5	5	2.50	2	46|62|66|49|61|0|0|0|56|56|54|52	0.00	0.00	0.00	0.00	0.00	-281.47	0.04	0.62	0	0	0
NSP12-Ct	geneid:65125;refseq:NP_001171914;uniprot:Q9H4A3	WNK1	0|2	2	1.00	2	34|35|21|19|26|0|0|0|28|29|28|32	0.00	0.00	0.00	0.00	0.00	-149.79	0.03	0.62	0	0	0
NSP12-Ct	geneid:23451;refseq:NP_036565;uniprot:O75533	SF3B1	0|2	2	1.00	2	38|33|130|129|130|0|0|0|140|127|129|131	0.00	0.00	0.00	0.00	0.00	-599.10	0.01	0.62	0	0	0
NSP12-Ct	geneid:80153;refseq:NP_001135915;uniprot:Q96F86	EDC3	0|2	2	1.00	2	69|70|48|38|46|0|0|0|53|49|54|48	0.00	0.00	0.00	0.00	0.00	-287.46	0.02	0.62	0	0	0
NSP12-Ct	geneid:128866;refseq:NP_789782;uniprot:Q9H444	CHMP4B	0|2	2	1.00	2	5|7|17|16|16|0|0|0|12|9|9|15	0.00	0.00	0.00	0.00	0.00	-72.15	0.06	0.62	0	0	0
NSP12-Ct	geneid:6154;refseq:NP_000978;uniprot:P61254	RPL26	0|2	2	1.00	2	2|0|0|0|0|0|3|0|2|0|0|0	0.00	0.00	0.00	0.00	0.00	-10.15	0.43	0.28	0.42	1.7	0.06
NSP12-Ct	geneid:4646;refseq:NP_004990;uniprot:Q9UM54	MYO6	0|4	4	2.00	2	101|89|43|53|49|0|0|0|61|64|75|78	0.00	0.00	0.00	0.00	0.00	-399.71	0.02	0.62	0	0	0
NSP12-Ct	geneid:374882;refseq:NP_001138888;uniprot:Q6UW68	TMEM205	0|2	2	1.00	2	0|0|0|0|0|0|0|0|0|0|0|0	0.48	0.96	0.48	0.96	0.48	-1.43	10.00	0.10	1	3.1	0.34
NSP12-Ct	geneid:23450;refseq:NP_036558;uniprot:Q15393	SF3B3	0|4	4	2.00	2	30|29|23|24|20|0|0|0|27|27|29|28	0.00	0.00	0.00	0.00	0.00	-130.36	0.07	0.62	0	0	0
NSP12-Ct	geneid:27101;refseq:NP_001007215;uniprot:Q9HB71	CACYBP	0|2	2	1.00	2	0|3|7|4|4|0|0|0|2|2|0|0	0.00	0.00	0.00	0.00	0.00	-21.72	0.20	0.43	0	0	0
NSP12-Ct	geneid:55699;refseq:NP_060530;uniprot:Q9NSE4	IARS2	0|2	2	1.00	2	63|70|9|6|5|0|0|0|14|13|9|8	0.00	0.00	0.00	0.00	0.00	-217.23	0.02	0.62	0	0	0
NSP12-Ct	geneid:7840;refseq:NP_055935;uniprot:Q8TCU4	ALMS1	0|3	3	1.50	2	63|55|20|30|31|0|0|0|43|44|43|48	0.00	0.00	0.00	0.00	0.00	-247.13	0.03	0.62	0	0	0
NSP12-Ct	geneid:6188;refseq:NP_000996;uniprot:P23396	RPS3	0|2	2	1.00	2	2|0|0|0|0|0|5|0|4|3|4|2	0.00	0.00	0.00	0.00	0.00	-18.83	0.23	0.40	0	0	0
NSP12-Ct	geneid:23077;refseq:NP_055872;uniprot:O75592	MYCBP2	0|2	2	1.00	2	0|0|0|0|0|0|0|0|0|0|0|0	0.48	0.96	0.48	0.96	0.48	-1.43	10.00	0.10	1	0.13	0.22
