Bait	Prey	PreyGene	Spec	SpecSum	AvgSpec	NumReplicates	ctrlCounts	AvgP	MaxP	TopoAvgP	TopoMaxP	SaintScore	logOddsScore	FoldChange	BFDR
ORF6-A549-Nt	BirA_R118G_H0QFJ5	BirA_R118G_H0QFJ5	99	99	99.00	1	268|927|0	0.00	0.00	0.00	0.00	0.00	-inf	0.17	0.54
ORF6-A549-Nt	P25054	APC	4	4	4.00	1	12|6|0	0.00	0.00	0.00	0.00	0.00	-27.40	0.44	0.54
ORF6-A549-Nt	P09622	DLD	24	24	24.00	1	0|0|0	1.00	1.00	1.00	1.00	1.00	37.73	240.00	0.00
ORF6-A549-Nt	P50443	SLC26A2	2	2	2.00	1	0|0|0	0.97	0.97	0.97	0.97	0.97	3.61	20.00	0.00
ORF6-A549-Nt	P50402	EMD	50	50	50.00	1	7|13|0	1.00	1.00	1.00	1.00	1.00	15.90	5.00	0.00
ORF6-A549-Nt	P13804	ETFA	16	16	16.00	1	0|0|0	1.00	1.00	1.00	1.00	1.00	25.89	160.00	0.00
ORF6-A549-Nt	P07954	FH	9	9	9.00	1	0|3|0	0.94	0.94	0.94	0.94	0.94	2.71	6.00	0.01
ORF6-A549-Nt	Q04446	GBE1	7	7	7.00	1	4|8|0	0.00	0.00	0.00	0.00	0.00	-11.44	1.17	0.30
ORF6-A549-Nt	P17302	GJA1	9	9	9.00	1	0|0|0	1.00	1.00	1.00	1.00	1.00	15.27	90.00	0.00
ORF6-A549-Nt	P48637	GSS	2	2	2.00	1	0|0|0	0.97	0.97	0.97	0.97	0.97	3.59	20.00	0.00
ORF6-A549-Nt	P52701	MSH6	8	8	8.00	1	9|5|0	0.00	0.00	0.00	0.00	0.00	-13.59	1.14	0.33
ORF6-A549-Nt	P40939	HADHA	11	11	11.00	1	0|2|0	1.00	1.00	1.00	1.00	1.00	5.69	11.00	0.00
ORF6-A549-Nt	P78504	JAG1	7	7	7.00	1	0|0|0	1.00	1.00	1.00	1.00	1.00	12.10	70.00	0.00
ORF6-A549-Nt	Q99707	MTR	20	20	20.00	1	12|9|0	0.00	0.00	0.00	0.00	0.00	-9.05	1.90	0.26
ORF6-A549-Nt	P35240	NF2	6	6	6.00	1	24|22|0	0.00	0.00	0.00	0.00	0.00	-80.76	0.26	0.54
ORF6-A549-Nt	O15118	NPC1	3	3	3.00	1	0|0|0	1.00	1.00	1.00	1.00	1.00	5.45	30.00	0.00
ORF6-A549-Nt	P50542	PEX5	3	3	3.00	1	5|5|0	0.00	0.00	0.00	0.00	0.00	-13.91	0.60	0.54
ORF6-A549-Nt	P51648	ALDH3A2	20	20	20.00	1	4|6|0	1.00	1.00	1.00	1.00	1.00	8.27	4.00	0.00
ORF6-A549-Nt	P11413	G6PD	74	74	74.00	1	96|141|0	0.00	0.00	0.00	0.00	0.00	-318.76	0.62	0.54
ORF6-A549-Nt	P50747	HLCS	3	3	3.00	1	2|0|0	0.57	0.57	0.57	0.57	0.57	0.27	3.00	0.02
ORF6-A549-Nt	O43933	PEX1	9	9	9.00	1	0|0|0	1.00	1.00	1.00	1.00	1.00	15.24	90.00	0.00
ORF6-A549-Nt	P05166	PCCB	15	15	15.00	1	0|0|2	1.00	1.00	1.00	1.00	1.00	8.12	15.00	0.00
ORF6-A549-Nt	P00390	GSR	8	8	8.00	1	3|4|0	0.18	0.18	0.18	0.18	0.18	-1.53	2.29	0.07
ORF6-A549-Nt	P23526	AHCY	5	5	5.00	1	30|13|0	0.00	0.00	0.00	0.00	0.00	-76.33	0.23	0.54
ORF6-A549-Nt	P13196	ALAS1	10	10	10.00	1	0|0|0	1.00	1.00	1.00	1.00	1.00	16.81	100.00	0.00
ORF6-A549-Nt	P30838	ALDH3A1	20	20	20.00	1	11|14|0	0.00	0.00	0.00	0.00	0.00	-15.83	1.60	0.35
ORF6-A549-Nt	P04083	ANXA1	46	46	46.00	1	67|96|0	0.00	0.00	0.00	0.00	0.00	-228.73	0.56	0.54
ORF6-A549-Nt	P11717	IGF2R	10	10	10.00	1	0|2|0	0.99	0.99	0.99	0.99	0.99	5.04	10.00	0.00
ORF6-A549-Nt	P15559	NQO1	4	4	4.00	1	5|6|0	0.00	0.00	0.00	0.00	0.00	-14.16	0.73	0.34
ORF6-A549-Nt	P11498	PC	606	606	606.00	1	225|226|1091	0.00	0.00	0.00	0.00	0.00	-inf	0.92	0.54
ORF6-A549-Nt	P16435	POR	13	13	13.00	1	0|0|0	1.00	1.00	1.00	1.00	1.00	21.38	130.00	0.00
ORF6-A549-Nt	P36578	RPL4	5	5	5.00	1	5|4|0	0.00	0.00	0.00	0.00	0.00	-8.95	1.11	0.26
ORF6-A549-Nt	P46777	RPL5	6	6	6.00	1	0|4|0	0.60	0.60	0.64	0.64	0.64	0.56	3.00	0.02
ORF6-A549-Nt	Q02878	RPL6	21	21	21.00	1	4|12|7	0.01	0.01	0.01	0.01	0.01	-4.46	2.21	0.15
ORF6-A549-Nt	Q02543	RPL18A	4	4	4.00	1	0|0|0	1.00	1.00	1.00	1.00	1.00	7.29	40.00	0.00
ORF6-A549-Nt	P83731	RPL24	3	3	3.00	1	3|6|0	0.00	0.00	0.00	0.00	0.00	-12.01	0.67	0.54
ORF6-A549-Nt	P46776	RPL27A	3	3	3.00	1	0|0|0	1.00	1.00	1.00	1.00	1.00	5.54	30.00	0.00
ORF6-A549-Nt	P49207	RPL34	3	3	3.00	1	0|0|0	1.00	1.00	1.00	1.00	1.00	5.51	30.00	0.00
ORF6-A549-Nt	P05388	RPLP0	10	10	10.00	1	9|13|0	0.00	0.00	0.00	0.00	0.00	-24.71	0.91	0.42
ORF6-A549-Nt	P05387	RPLP2	2	2	2.00	1	8|10|0	0.00	0.00	0.00	0.00	0.00	-32.35	0.22	0.54
ORF6-A549-Nt	P36542	ATP5F1C	5	5	5.00	1	0|0|0	1.00	1.00	1.00	1.00	1.00	8.89	50.00	0.00
ORF6-A549-Nt	Q01780	EXOSC10	11	11	11.00	1	53|54|0	0.00	0.00	0.00	0.00	0.00	-196.55	0.21	0.54
ORF6-A549-Nt	P62081	RPS7	5	5	5.00	1	0|2|0	0.86	0.86	0.87	0.87	0.87	1.89	5.00	0.01
ORF6-A549-Nt	P07355	ANXA2	58	58	58.00	1	62|75|0	0.00	0.00	0.00	0.00	0.00	-158.49	0.85	0.53
ORF6-A549-Nt	Q9BZF1	OSBPL8	5	5	5.00	1	0|3|0	0.68	0.68	0.68	0.68	0.68	0.76	3.33	0.02
ORF6-A549-Nt	NP_001003819.1	TRIM6-TRIM34	6	6	6.00	1	2|5|0	0.01	0.01	0.01	0.01	0.01	-4.21	1.71	0.14
ORF6-A549-Nt	Q96RN5	MED15	7	7	7.00	1	12|10|0	0.00	0.00	0.00	0.00	0.00	-29.67	0.64	0.54
ORF6-A549-Nt	O94972	TRIM37	3	3	3.00	1	0|0|0	1.00	1.00	1.00	1.00	1.00	5.46	30.00	0.00
ORF6-A549-Nt	P36956	SREBF1	9	9	9.00	1	0|0|0	1.00	1.00	1.00	1.00	1.00	15.26	90.00	0.00
ORF6-A549-Nt	Q641Q2	WASHC2A	3	3	3.00	1	43|36|0	0.00	0.00	0.00	0.00	0.00	-162.01	0.08	0.54
ORF6-A549-Nt	Q9HB71	CACYBP	9	9	9.00	1	4|7|0	0.00	0.00	0.00	0.00	0.00	-6.90	1.64	0.21
ORF6-A549-Nt	O14681	EI24	3	3	3.00	1	0|0|0	1.00	1.00	1.00	1.00	1.00	5.44	30.00	0.00
ORF6-A549-Nt	O75534	CSDE1	5	5	5.00	1	23|24|0	0.00	0.00	0.00	0.00	0.00	-85.67	0.21	0.54
ORF6-A549-Nt	Q92734	TFG	13	13	13.00	1	4|6|0	0.50	0.50	0.50	0.50	0.50	0.02	2.60	0.03
ORF6-A549-Nt	Q6PUV4	CPLX2	15	15	15.00	1	7|12|0	0.00	0.00	0.00	0.00	0.00	-12.45	1.58	0.32
ORF6-A549-Nt	Q8N5K1	CISD2	16	16	16.00	1	4|4|0	1.00	1.00	1.00	1.00	1.00	6.55	4.00	0.00
ORF6-A549-Nt	Q9BVL2	NUP58	40	40	40.00	1	0|0|0	1.00	1.00	1.00	1.00	1.00	60.86	400.00	0.00
ORF6-A549-Nt	Q9UBB9	TFIP11	4	4	4.00	1	9|8|0	0.00	0.00	0.00	0.00	0.00	-25.67	0.47	0.54
ORF6-A549-Nt	Q14008	CKAP5	8	8	8.00	1	25|20|0	0.00	0.00	0.00	0.00	0.00	-73.62	0.36	0.54
ORF6-A549-Nt	Q9UPN4	CEP131	16	16	16.00	1	0|0|0	1.00	1.00	1.00	1.00	1.00	25.88	160.00	0.00
ORF6-A549-Nt	Q86YZ3	HRNR	4	4	4.00	1	0|0|0	1.00	1.00	1.00	1.00	1.00	7.18	40.00	0.00
ORF6-A549-Nt	P62244	RPS15A	6	6	6.00	1	0|3|7	0.00	0.00	0.00	0.00	0.00	-9.18	1.20	0.27
ORF6-A549-Nt	Q15942	ZYX	2	2	2.00	1	27|25|0	0.00	0.00	0.00	0.00	0.00	-106.27	0.08	0.54
ORF6-A549-Nt	Q9BT25	HAUS8	5	5	5.00	1	3|6|0	0.00	0.00	0.00	0.00	0.00	-9.05	1.11	0.26
ORF6-A549-Nt	P08195	SLC3A2	30	30	30.00	1	19|24|0	0.00	0.00	0.00	0.00	0.00	-32.97	1.40	0.45
ORF6-A549-Nt	Q9UPT5	EXOC7	14	14	14.00	1	17|18|0	0.00	0.00	0.00	0.00	0.00	-42.11	0.80	0.48
ORF6-A549-Nt	Q9UJU6	DBNL	2	2	2.00	1	15|18|0	0.00	0.00	0.00	0.00	0.00	-64.69	0.12	0.54
ORF6-A549-Nt	P78406	RAE1	16	16	16.00	1	0|0|0	1.00	1.00	1.00	1.00	1.00	25.89	160.00	0.00
ORF6-A549-Nt	Q8IX01	SUGP2	25	25	25.00	1	59|44|0	0.00	0.00	0.00	0.00	0.00	-153.16	0.49	0.54
ORF6-A549-Nt	P46736	BRCC3	4	4	4.00	1	10|17|0	0.00	0.00	0.00	0.00	0.00	-45.94	0.30	0.54
ORF6-A549-Nt	Q709C8	VPS13C	6	6	6.00	1	4|0|0	0.60	0.60	0.60	0.60	0.60	0.40	3.00	0.02
ORF6-A549-Nt	Q9NV70	EXOC1	5	5	5.00	1	0|2|0	0.86	0.86	0.85	0.85	0.86	1.77	5.00	0.01
ORF6-A549-Nt	Q5T0N5	FNBP1L	3	3	3.00	1	13|16|0	0.00	0.00	0.00	0.00	0.00	-53.01	0.21	0.54
ORF6-A549-Nt	P55327	TPD52	3	3	3.00	1	13|16|0	0.00	0.00	0.00	0.00	0.00	-53.02	0.21	0.54
ORF6-A549-Nt	P53367	ARFIP1	8	8	8.00	1	3|7|0	0.00	0.00	0.00	0.00	0.00	-6.54	1.60	0.20
ORF6-A549-Nt	Q92879	CELF1	3	3	3.00	1	2|5|0	0.00	0.00	0.00	0.00	0.00	-8.48	0.86	0.24
ORF6-A549-Nt	Q9Y263	PLAA	27	27	27.00	1	44|48|0	0.00	0.00	0.00	0.00	0.00	-127.56	0.59	0.54
ORF6-A549-Nt	Q8IV08	PLD3	3	3	3.00	1	0|0|0	1.00	1.00	1.00	1.00	1.00	5.44	30.00	0.00
ORF6-A549-Nt	Q9Y6B6	SAR1B	6	6	6.00	1	0|0|0	1.00	1.00	1.00	1.00	1.00	10.50	60.00	0.00
ORF6-A549-Nt	Q9Y305	ACOT9	16	16	16.00	1	0|0|0	1.00	1.00	1.00	1.00	1.00	25.87	160.00	0.00
ORF6-A549-Nt	P62987	UBA52	5	5	5.00	1	3|2|0	0.10	0.10	0.11	0.11	0.11	-2.11	2.00	0.08
ORF6-A549-Nt	P62805	H4C1	9	9	9.00	1	6|7|0	0.00	0.00	0.00	0.00	0.00	-10.40	1.38	0.29
ORF6-A549-Nt	Q96TA1	NIBAN2	6	6	6.00	1	23|28|0	0.00	0.00	0.00	0.00	0.00	-91.39	0.24	0.54
ORF6-A549-Nt	Q9HCH0	NCKAP5L	10	10	10.00	1	3|3|0	0.93	0.93	0.93	0.93	0.93	2.52	3.33	0.01
ORF6-A549-Nt	Q99714	HSD17B10	3	3	3.00	1	0|0|0	1.00	1.00	1.00	1.00	1.00	5.51	30.00	0.00
ORF6-A549-Nt	Q9H3U1	UNC45A	7	7	7.00	1	18|8|0	0.00	0.00	0.00	0.00	0.00	-36.81	0.54	0.54
ORF6-A549-Nt	Q9NQC7	CYLD	3	3	3.00	1	12|12|0	0.00	0.00	0.00	0.00	0.00	-42.39	0.25	0.54
ORF6-A549-Nt	Q5SW79	CEP170	30	30	30.00	1	56|47|0	0.00	0.00	0.00	0.00	0.00	-143.17	0.58	0.54
ORF6-A549-Nt	Q9BV36	MLPH	4	4	4.00	1	18|18|0	0.00	0.00	0.00	0.00	0.00	-65.10	0.22	0.54
ORF6-A549-Nt	Q5T8D3	ACBD5	27	27	27.00	1	0|0|0	1.00	1.00	1.00	1.00	1.00	42.07	270.00	0.00
ORF6-A549-Nt	P78344	EIF4G2	53	53	53.00	1	89|105|0	0.00	0.00	0.00	0.00	0.00	-276.56	0.55	0.54
ORF6-A549-Nt	A4D1E9	GTPBP10	4	4	4.00	1	0|0|0	1.00	1.00	1.00	1.00	1.00	7.18	40.00	0.00
ORF6-A549-Nt	Q92692	NECTIN2	4	4	4.00	1	3|5|0	0.00	0.00	0.00	0.00	0.00	-8.80	1.00	0.25
ORF6-A549-Nt	O95487	SEC24B	122	122	122.00	1	16|13|0	1.00	1.00	1.00	1.00	1.00	95.71	8.41	0.00
ORF6-A549-Nt	Q96KG9	SCYL1	34	34	34.00	1	4|5|0	1.00	1.00	1.00	1.00	1.00	25.21	7.56	0.00
ORF6-A549-Nt	P29401	TKT	39	39	39.00	1	47|47|0	0.00	0.00	0.00	0.00	0.00	-110.10	0.83	0.52
ORF6-A549-Nt	Q8ND24	RNF214	3	3	3.00	1	21|23|0	0.00	0.00	0.00	0.00	0.00	-85.31	0.14	0.54
ORF6-A549-Nt	Q96QD5	DEPDC7	23	23	23.00	1	20|22|0	0.00	0.00	0.00	0.00	0.00	-41.15	1.10	0.47
ORF6-A549-Nt	Q9Y618	NCOR2	27	27	27.00	1	68|52|0	0.00	0.00	0.00	0.00	0.00	-183.07	0.45	0.54
ORF6-A549-Nt	Q9H2H9	SLC38A1	2	2	2.00	1	0|0|0	0.97	0.97	0.97	0.97	0.97	3.60	20.00	0.00
ORF6-A549-Nt	Q13042	CDC16	3	3	3.00	1	0|0|0	1.00	1.00	1.00	1.00	1.00	5.45	30.00	0.00
ORF6-A549-Nt	Q8N128	FAM177A1	2	2	2.00	1	0|0|0	0.97	0.97	0.97	0.97	0.97	3.61	20.00	0.00
ORF6-A549-Nt	O15042	U2SURP	9	9	9.00	1	18|17|0	0.00	0.00	0.00	0.00	0.00	-51.20	0.51	0.54
ORF6-A549-Nt	Q8IWI9	MGA	21	21	21.00	1	30|27|0	0.00	0.00	0.00	0.00	0.00	-71.36	0.74	0.51
ORF6-A549-Nt	Q6NUQ4	TMEM214	6	6	6.00	1	0|0|0	1.00	1.00	1.00	1.00	1.00	10.53	60.00	0.00
ORF6-A549-Nt	Q9Y2W6	TDRKH	4	4	4.00	1	0|0|0	1.00	1.00	1.00	1.00	1.00	7.18	40.00	0.00
ORF6-A549-Nt	Q4G0N4	NADK2	5	5	5.00	1	0|0|0	1.00	1.00	1.00	1.00	1.00	8.87	50.00	0.00
ORF6-A549-Nt	P53396	ACLY	18	18	18.00	1	20|17|0	0.00	0.00	0.00	0.00	0.00	-39.55	0.97	0.47
ORF6-A549-Nt	P53621	COPA	22	22	22.00	1	12|11|0	0.00	0.00	0.00	0.00	0.00	-9.66	1.91	0.27
ORF6-A549-Nt	Q12849	GRSF1	10	10	10.00	1	0|0|0	1.00	1.00	1.00	1.00	1.00	16.81	100.00	0.00
ORF6-A549-Nt	Q9H6U6	BCAS3	8	8	8.00	1	16|19|0	0.00	0.00	0.00	0.00	0.00	-53.27	0.46	0.54
ORF6-A549-Nt	Q96ED9	HOOK2	3	3	3.00	1	0|0|0	1.00	1.00	1.00	1.00	1.00	5.45	30.00	0.00
ORF6-A549-Nt	Q9BSJ5	C17orf80	5	5	5.00	1	0|0|0	1.00	1.00	1.00	1.00	1.00	8.86	50.00	0.00
ORF6-A549-Nt	O95759	TBC1D8	13	13	13.00	1	12|7|0	0.00	0.00	0.00	0.00	0.00	-15.19	1.37	0.35
ORF6-A549-Nt	Q7Z3T8	ZFYVE16	12	12	12.00	1	49|45|0	0.00	0.00	0.00	0.00	0.00	-166.00	0.26	0.54
ORF6-A549-Nt	Q8TD31	CCHCR1	7	7	7.00	1	0|0|0	1.00	1.00	1.00	1.00	1.00	12.11	70.00	0.00
ORF6-A549-Nt	E9PAV3	NACA	3	3	3.00	1	3|7|0	0.00	0.00	0.00	0.00	0.00	-13.83	0.60	0.54
ORF6-A549-Nt	P42892	ECE1	7	7	7.00	1	0|0|0	1.00	1.00	1.00	1.00	1.00	12.11	70.00	0.00
ORF6-A549-Nt	Q9NVI1	FANCI	19	19	19.00	1	19|12|0	0.00	0.00	0.00	0.00	0.00	-27.52	1.23	0.43
ORF6-A549-Nt	Q53F19	NCBP3	7	7	7.00	1	6|7|0	0.00	0.00	0.00	0.00	0.00	-13.26	1.08	0.33
ORF6-A549-Nt	Q99541	PLIN2	8	8	8.00	1	0|0|0	1.00	1.00	1.00	1.00	1.00	13.68	80.00	0.00
ORF6-A549-Nt	P31327	CPS1	3	3	3.00	1	0|0|0	1.00	1.00	1.00	1.00	1.00	5.45	30.00	0.00
ORF6-A549-Nt	Q53EZ4	CEP55	19	19	19.00	1	7|12|0	0.00	0.00	0.00	0.00	0.00	-7.12	2.00	0.22
ORF6-A549-Nt	P30519	HMOX2	5	5	5.00	1	0|0|0	1.00	1.00	1.00	1.00	1.00	8.89	50.00	0.00
ORF6-A549-Nt	Q14157	UBAP2L	9	9	9.00	1	39|39|0	0.00	0.00	0.00	0.00	0.00	-140.36	0.23	0.54
ORF6-A549-Nt	Q9Y2G1	MYRF	3	3	3.00	1	0|0|0	1.00	1.00	1.00	1.00	1.00	5.44	30.00	0.00
ORF6-A549-Nt	Q96C24	SYTL4	70	70	70.00	1	28|40|0	0.00	0.00	0.00	0.00	0.00	-26.30	2.06	0.43
ORF6-A549-Nt	Q17RS7	GEN1	6	6	6.00	1	11|14|0	0.00	0.00	0.00	0.00	0.00	-37.50	0.48	0.54
ORF6-A549-Nt	O43795	MYO1B	5	5	5.00	1	13|14|0	0.00	0.00	0.00	0.00	0.00	-43.74	0.37	0.54
ORF6-A549-Nt	Q9NVX0	HAUS2	4	4	4.00	1	0|3|0	0.49	0.49	0.51	0.51	0.51	0.04	2.67	0.03
ORF6-A549-Nt	Q05209	PTPN12	3	3	3.00	1	19|23|0	0.00	0.00	0.00	0.00	0.00	-80.97	0.14	0.54
ORF6-A549-Nt	Q92609	TBC1D5	11	11	11.00	1	22|26|0	0.00	0.00	0.00	0.00	0.00	-72.95	0.46	0.54
ORF6-A549-Nt	Q9UI26	IPO11	3	3	3.00	1	0|2|0	0.57	0.57	0.57	0.57	0.57	0.27	3.00	0.02
ORF6-A549-Nt	P52594	AGFG1	70	70	70.00	1	74|96|0	0.00	0.00	0.00	0.00	0.00	-199.31	0.82	0.53
ORF6-A549-Nt	Q9UM82	SPATA2	53	53	53.00	1	13|16|0	1.00	1.00	1.00	1.00	1.00	18.88	3.66	0.00
ORF6-A549-Nt	Q4ADV7	RIC1	4	4	4.00	1	0|0|0	1.00	1.00	1.00	1.00	1.00	7.18	40.00	0.00
ORF6-A549-Nt	Q8N2Y8	RUSC2	5	5	5.00	1	6|2|0	0.00	0.00	0.00	0.00	0.00	-7.08	1.25	0.22
ORF6-A549-Nt	Q9UHX1	PUF60	12	12	12.00	1	40|0|0	0.00	0.00	0.00	0.00	0.00	-53.33	0.60	0.54
ORF6-A549-Nt	Q96CP6	GRAMD1A	4	4	4.00	1	0|0|0	1.00	1.00	1.00	1.00	1.00	7.18	40.00	0.00
ORF6-A549-Nt	P51572	BCAP31	21	21	21.00	1	9|11|0	0.00	0.00	0.00	0.00	0.00	-6.02	2.10	0.19
ORF6-A549-Nt	Q9NP61	ARFGAP3	16	16	16.00	1	2|4|0	1.00	1.00	1.00	1.00	1.00	9.15	5.33	0.00
ORF6-A549-Nt	Q8N0X7	SPART	23	23	23.00	1	22|20|0	0.00	0.00	0.00	0.00	0.00	-41.09	1.10	0.47
ORF6-A549-Nt	O60502	OGA	6	6	6.00	1	8|5|0	0.00	0.00	0.00	0.00	0.00	-14.71	0.92	0.35
ORF6-A549-Nt	Q96F86	EDC3	42	42	42.00	1	38|48|0	0.00	0.00	0.00	0.00	0.00	-91.14	0.98	0.52
ORF6-A549-Nt	O75330	HMMR	5	5	5.00	1	15|16|0	0.00	0.00	0.00	0.00	0.00	-51.97	0.32	0.54
ORF6-A549-Nt	Q15029	EFTUD2	4	4	4.00	1	9|9|0	0.00	0.00	0.00	0.00	0.00	-27.69	0.44	0.54
ORF6-A549-Nt	P53618	COPB1	31	31	31.00	1	21|18|0	0.00	0.00	0.00	0.00	0.00	-24.65	1.59	0.42
ORF6-A549-Nt	Q9UHD1	CHORDC1	4	4	4.00	1	11|12|0	0.00	0.00	0.00	0.00	0.00	-37.85	0.35	0.54
ORF6-A549-Nt	Q8NEW0	SLC30A7	9	9	9.00	1	0|0|0	1.00	1.00	1.00	1.00	1.00	15.25	90.00	0.00
ORF6-A549-Nt	Q9UQB8	BAIAP2	11	11	11.00	1	7|8|0	0.00	0.00	0.00	0.00	0.00	-11.06	1.47	0.30
ORF6-A549-Nt	Q14746	COG2	11	11	11.00	1	0|0|0	1.00	1.00	1.00	1.00	1.00	18.35	110.00	0.00
ORF6-A549-Nt	A2RUB1	MEIOC	13	13	13.00	1	4|7|0	0.16	0.16	0.16	0.16	0.16	-1.65	2.36	0.08
ORF6-A549-Nt	Q13772	NCOA4	11	11	11.00	1	3|2|0	0.99	0.99	0.99	0.99	0.99	5.09	4.40	0.00
ORF6-A549-Nt	Q92896	GLG1	7	7	7.00	1	0|0|0	1.00	1.00	1.00	1.00	1.00	12.10	70.00	0.00
ORF6-A549-Nt	Q15390	MTFR1	16	16	16.00	1	0|5|0	0.96	0.96	0.96	0.96	0.96	3.18	6.40	0.01
ORF6-A549-Nt	P46013	MKI67	13	13	13.00	1	92|77|0	0.00	0.00	0.00	0.00	0.00	-324.12	0.15	0.54
ORF6-A549-Nt	Q8TC07	TBC1D15	8	8	8.00	1	14|16|0	0.00	0.00	0.00	0.00	0.00	-43.28	0.53	0.54
ORF6-A549-Nt	Q562F6	SGO2	5	5	5.00	1	0|0|0	1.00	1.00	1.00	1.00	1.00	8.87	50.00	0.00
ORF6-A549-Nt	Q6PJT7	ZC3H14	8	8	8.00	1	22|22|0	0.00	0.00	0.00	0.00	0.00	-71.58	0.36	0.54
ORF6-A549-Nt	P78347	GTF2I	8	8	8.00	1	43|37|0	0.00	0.00	0.00	0.00	0.00	-147.52	0.20	0.54
ORF6-A549-Nt	Q9UBM7	DHCR7	6	6	6.00	1	0|0|0	1.00	1.00	1.00	1.00	1.00	10.50	60.00	0.00
ORF6-A549-Nt	Q5H9R7	PPP6R3	5	5	5.00	1	12|11|0	0.00	0.00	0.00	0.00	0.00	-35.59	0.43	0.54
ORF6-A549-Nt	O60664	PLIN3	8	8	8.00	1	30|44|0	0.00	0.00	0.00	0.00	0.00	-134.28	0.22	0.54
ORF6-A549-Nt	P98170	XIAP	3	3	3.00	1	16|23|0	0.00	0.00	0.00	0.00	0.00	-74.42	0.15	0.54
ORF6-A549-Nt	Q9NXB0	MKS1	7	7	7.00	1	0|3|0	0.87	0.87	0.87	0.87	0.87	1.89	4.67	0.01
ORF6-A549-Nt	O43291	SPINT2	3	3	3.00	1	0|0|0	1.00	1.00	1.00	1.00	1.00	5.57	30.00	0.00
ORF6-A549-Nt	O75306	NDUFS2	5	5	5.00	1	0|0|0	1.00	1.00	1.00	1.00	1.00	8.89	50.00	0.00
ORF6-A549-Nt	P33981	TTK	4	4	4.00	1	18|21|0	0.00	0.00	0.00	0.00	0.00	-71.45	0.21	0.54
ORF6-A549-Nt	Q9BTX1	NDC1	31	31	31.00	1	0|3|0	1.00	1.00	1.00	1.00	1.00	10.53	20.67	0.00
ORF6-A549-Nt	Q9H5V9	CXorf56	4	4	4.00	1	4|7|0	0.00	0.00	0.00	0.00	0.00	-14.17	0.73	0.34
ORF6-A549-Nt	Q9NZ09	UBAP1	8	8	8.00	1	20|22|0	0.00	0.00	0.00	0.00	0.00	-67.47	0.38	0.54
ORF6-A549-Nt	Q96GX5	MASTL	6	6	6.00	1	20|23|0	0.00	0.00	0.00	0.00	0.00	-74.49	0.28	0.54
ORF6-A549-Nt	Q13439	GOLGA4	12	12	12.00	1	13|3|0	0.00	0.00	0.00	0.00	0.00	-10.93	1.50	0.30
ORF6-A549-Nt	O95671	ASMTL	6	6	6.00	1	0|0|0	1.00	1.00	1.00	1.00	1.00	10.50	60.00	0.00
ORF6-A549-Nt	Q9NPI1	BRD7	7	7	7.00	1	6|7|0	0.00	0.00	0.00	0.00	0.00	-13.26	1.08	0.33
ORF6-A549-Nt	P07195	LDHB	22	22	22.00	1	5|6|0	1.00	1.00	1.00	1.00	1.00	9.19	4.00	0.00
ORF6-A549-Nt	P45880	VDAC2	3	3	3.00	1	0|0|0	1.00	1.00	1.00	1.00	1.00	5.57	30.00	0.00
ORF6-A549-Nt	Q9NVN8	GNL3L	17	17	17.00	1	9|9|0	0.00	0.00	0.00	0.00	0.00	-8.01	1.89	0.24
ORF6-A549-Nt	Q9H4A3	WNK1	4	4	4.00	1	19|21|0	0.00	0.00	0.00	0.00	0.00	-73.61	0.20	0.54
ORF6-A549-Nt	O00400	SLC33A1	4	4	4.00	1	0|0|0	1.00	1.00	1.00	1.00	1.00	7.21	40.00	0.00
ORF6-A549-Nt	Q99460	PSMD1	37	37	37.00	1	11|13|0	1.00	1.00	1.00	1.00	1.00	7.64	3.08	0.00
ORF6-A549-Nt	P37198	NUP62	41	41	41.00	1	5|7|0	1.00	1.00	1.00	1.00	1.00	28.59	6.83	0.00
ORF6-A549-Nt	P40855	PEX19	12	12	12.00	1	0|0|0	1.00	1.00	1.00	1.00	1.00	19.85	120.00	0.00
ORF6-A549-Nt	Q9H9E3	COG4	17	17	17.00	1	4|0|0	0.99	0.99	0.99	0.99	0.99	4.24	8.50	0.00
ORF6-A549-Nt	Q8TD43	TRPM4	2	2	2.00	1	0|0|0	0.97	0.97	0.97	0.97	0.97	3.59	20.00	0.00
ORF6-A549-Nt	Q96JP5	ZFP91	2	2	2.00	1	11|14|0	0.00	0.00	0.00	0.00	0.00	-47.39	0.16	0.54
ORF6-A549-Nt	NP_001185808.1	ATP5MF-PTCD1	4	4	4.00	1	0|0|0	1.00	1.00	1.00	1.00	1.00	7.19	40.00	0.00
ORF6-A549-Nt	P62195	PSMC5	26	26	26.00	1	27|34|0	0.00	0.00	0.00	0.00	0.00	-70.49	0.85	0.51
ORF6-A549-Nt	Q8NFQ8	TOR1AIP2	3	3	3.00	1	0|0|0	1.00	1.00	1.00	1.00	1.00	5.45	30.00	0.00
ORF6-A549-Nt	Q92538	GBF1	69	69	69.00	1	3|0|0	1.00	1.00	1.00	1.00	1.00	22.44	46.00	0.00
ORF6-A549-Nt	Q3B7T1	EDRF1	3	3	3.00	1	4|0|0	0.07	0.07	0.07	0.07	0.07	-2.56	1.50	0.11
ORF6-A549-Nt	O60566	BUB1B	3	3	3.00	1	24|23|0	0.00	0.00	0.00	0.00	0.00	-91.81	0.13	0.54
ORF6-A549-Nt	Q8N6H7	ARFGAP2	32	32	32.00	1	12|12|0	0.81	0.81	0.81	0.81	0.81	1.47	2.67	0.01
ORF6-A549-Nt	Q92667	AKAP1	30	30	30.00	1	5|3|0	1.00	1.00	1.00	1.00	1.00	22.15	7.50	0.00
ORF6-A549-Nt	Q9BVV6	KIAA0586	2	2	2.00	1	3|0|0	0.09	0.09	0.09	0.09	0.09	-2.37	1.33	0.09
ORF6-A549-Nt	P98082	DAB2	4	4	4.00	1	3|3|0	0.01	0.01	0.01	0.01	0.01	-5.24	1.33	0.17
ORF6-A549-Nt	P10599	TXN	18	18	18.00	1	17|24|0	0.00	0.00	0.00	0.00	0.00	-46.70	0.88	0.49
ORF6-A549-Nt	Q13470	TNK1	7	7	7.00	1	6|8|0	0.00	0.00	0.00	0.00	0.00	-15.00	1.00	0.35
ORF6-A549-Nt	P61313	RPL15	4	4	4.00	1	0|0|0	1.00	1.00	1.00	1.00	1.00	7.22	40.00	0.00
ORF6-A549-Nt	Q96TA2	YME1L1	2	2	2.00	1	0|0|0	0.97	0.97	0.97	0.97	0.97	3.60	20.00	0.00
ORF6-A549-Nt	P55060	CSE1L	6	6	6.00	1	3|3|0	0.08	0.08	0.08	0.08	0.08	-2.49	2.00	0.10
ORF6-A549-Nt	Q9UM00	TMCO1	3	3	3.00	1	0|0|0	1.00	1.00	1.00	1.00	1.00	5.44	30.00	0.00
ORF6-A549-Nt	Q13045	FLII	2	2	2.00	1	5|0|0	0.00	0.00	0.00	0.00	0.00	-5.86	0.80	0.19
ORF6-A549-Nt	O94925	GLS	27	27	27.00	1	0|0|0	1.00	1.00	1.00	1.00	1.00	42.04	270.00	0.00
ORF6-A549-Nt	Q53EU6	GPAT3	14	14	14.00	1	0|0|0	1.00	1.00	1.00	1.00	1.00	22.87	140.00	0.00
ORF6-A549-Nt	P50991	CCT4	6	6	6.00	1	2|5|0	0.01	0.01	0.02	0.02	0.02	-4.15	1.71	0.14
ORF6-A549-Nt	P28340	POLD1	7	7	7.00	1	13|6|0	0.00	0.00	0.00	0.00	0.00	-23.67	0.74	0.41
ORF6-A549-Nt	Q14678	KANK1	10	10	10.00	1	11|7|0	0.00	0.00	0.00	0.00	0.00	-17.70	1.11	0.37
ORF6-A549-Nt	Q9H8V3	ECT2	6	6	6.00	1	13|9|0	0.00	0.00	0.00	0.00	0.00	-31.51	0.55	0.54
ORF6-A549-Nt	Q9UI09	NDUFA12	3	3	3.00	1	0|0|0	1.00	1.00	1.00	1.00	1.00	5.47	30.00	0.00
ORF6-A549-Nt	Q9UBC2	EPS15L1	2	2	2.00	1	22|24|0	0.00	0.00	0.00	0.00	0.00	-93.08	0.09	0.54
ORF6-A549-Nt	Q13561	DCTN2	17	17	17.00	1	8|15|0	0.00	0.00	0.00	0.00	0.00	-16.52	1.48	0.36
ORF6-A549-Nt	O14617	AP3D1	25	25	25.00	1	23|21|0	0.00	0.00	0.00	0.00	0.00	-41.78	1.14	0.48
ORF6-A549-Nt	Q5JTV8	TOR1AIP1	30	30	30.00	1	0|0|0	1.00	1.00	1.00	1.00	1.00	46.43	300.00	0.00
ORF6-A549-Nt	Q9P0U3	SENP1	3	3	3.00	1	0|0|0	1.00	1.00	1.00	1.00	1.00	5.45	30.00	0.00
ORF6-A549-Nt	Q86W74	ANKRD46	4	4	4.00	1	0|0|0	1.00	1.00	1.00	1.00	1.00	7.18	40.00	0.00
ORF6-A549-Nt	Q8NAN2	MIGA1	6	6	6.00	1	0|0|0	1.00	1.00	1.00	1.00	1.00	10.50	60.00	0.00
ORF6-A549-Nt	Q9ULK4	MED23	12	12	12.00	1	19|14|0	0.00	0.00	0.00	0.00	0.00	-41.71	0.73	0.47
ORF6-A549-Nt	Q9Y314	NOSIP	3	3	3.00	1	6|13|0	0.00	0.00	0.00	0.00	0.00	-31.65	0.32	0.54
ORF6-A549-Nt	Q6PJP8	DCLRE1A	5	5	5.00	1	6|4|0	0.00	0.00	0.00	0.00	0.00	-10.87	1.00	0.30
ORF6-A549-Nt	Q12931	TRAP1	43	43	43.00	1	0|0|0	1.00	1.00	1.00	1.00	1.00	65.17	430.00	0.00
ORF6-A549-Nt	Q92572	AP3S1	3	3	3.00	1	8|5|0	0.00	0.00	0.00	0.00	0.00	-19.83	0.46	0.54
ORF6-A549-Nt	O96005	CLPTM1	8	8	8.00	1	0|0|0	1.00	1.00	1.00	1.00	1.00	13.69	80.00	0.00
ORF6-A549-Nt	P50238	CRIP1	2	2	2.00	1	0|2|0	0.30	0.30	0.31	0.31	0.31	-0.81	2.00	0.04
ORF6-A549-Nt	P41091	EIF2S3	4	4	4.00	1	3|3|0	0.01	0.01	0.01	0.01	0.01	-5.26	1.33	0.17
ORF6-A549-Nt	P23588	EIF4B	60	60	60.00	1	60|61|0	0.00	0.00	0.00	0.00	0.00	-126.69	0.99	0.53
ORF6-A549-Nt	P12956	XRCC6	3	3	3.00	1	9|10|0	0.00	0.00	0.00	0.00	0.00	-31.97	0.32	0.54
ORF6-A549-Nt	Q12789	GTF3C1	11	11	11.00	1	14|7|0	0.00	0.00	0.00	0.00	0.00	-21.22	1.05	0.40
ORF6-A549-Nt	P78318	IGBP1	24	24	24.00	1	29|39|0	0.00	0.00	0.00	0.00	0.00	-86.77	0.71	0.52
ORF6-A549-Nt	P60228	EIF3E	6	6	6.00	1	4|4|0	0.00	0.00	0.00	0.00	0.00	-5.92	1.50	0.19
ORF6-A549-Nt	P06576	ATP5F1B	24	24	24.00	1	4|8|0	1.00	1.00	1.00	1.00	1.00	8.93	4.00	0.00
ORF6-A549-Nt	P49069	CAMLG	4	4	4.00	1	0|2|0	0.76	0.76	0.75	0.75	0.76	1.12	4.00	0.01
ORF6-A549-Nt	P10606	COX5B	11	11	11.00	1	0|0|0	1.00	1.00	1.00	1.00	1.00	18.33	110.00	0.00
ORF6-A549-Nt	P11182	DBT	17	17	17.00	1	0|0|0	1.00	1.00	1.00	1.00	1.00	27.37	170.00	0.00
ORF6-A549-Nt	Q14126	DSG2	17	17	17.00	1	22|18|0	0.00	0.00	0.00	0.00	0.00	-46.47	0.85	0.49
ORF6-A549-Nt	P13639	EEF2	24	24	24.00	1	29|40|0	0.00	0.00	0.00	0.00	0.00	-88.54	0.70	0.52
ORF6-A549-Nt	P55010	EIF5	6	6	6.00	1	16|18|0	0.00	0.00	0.00	0.00	0.00	-55.73	0.35	0.54
ORF6-A549-Nt	P61978	HNRNPK	17	17	17.00	1	44|49|0	0.00	0.00	0.00	0.00	0.00	-151.08	0.37	0.54
ORF6-A549-Nt	P10809	HSPD1	45	45	45.00	1	3|5|0	1.00	1.00	1.00	1.00	1.00	40.88	11.25	0.00
ORF6-A549-Nt	P18084	ITGB5	13	13	13.00	1	0|0|0	1.00	1.00	1.00	1.00	1.00	21.38	130.00	0.00
ORF6-A549-Nt	Q14974	KPNB1	12	12	12.00	1	0|0|0	1.00	1.00	1.00	1.00	1.00	19.90	120.00	0.00
ORF6-A549-Nt	P52292	KPNA2	15	15	15.00	1	4|6|0	0.92	0.92	0.92	0.92	0.92	2.46	3.00	0.01
ORF6-A549-Nt	Q14739	LBR	66	66	66.00	1	17|25|0	1.00	1.00	1.00	1.00	1.00	9.55	3.14	0.00
ORF6-A549-Nt	Q99567	NUP88	34	34	34.00	1	8|13|0	1.00	1.00	1.00	1.00	1.00	9.12	3.24	0.00
ORF6-A549-Nt	Q92968	PEX13	19	19	19.00	1	0|0|0	1.00	1.00	1.00	1.00	1.00	30.33	190.00	0.00
ORF6-A549-Nt	P52209	PGD	15	15	15.00	1	9|14|0	0.00	0.00	0.00	0.00	0.00	-19.34	1.30	0.39
ORF6-A549-Nt	P35232	PHB	2	2	2.00	1	2|0|0	0.30	0.30	0.31	0.31	0.31	-0.81	2.00	0.04
ORF6-A549-Nt	P62191	PSMC1	7	7	7.00	1	0|0|0	1.00	1.00	1.00	1.00	1.00	12.14	70.00	0.00
ORF6-A549-Nt	P35998	PSMC2	3	3	3.00	1	6|11|0	0.00	0.00	0.00	0.00	0.00	-27.73	0.35	0.54
ORF6-A549-Nt	P17980	PSMC3	50	50	50.00	1	18|23|0	0.04	0.04	0.05	0.05	0.05	-2.99	2.44	0.12
ORF6-A549-Nt	Q13200	PSMD2	5	5	5.00	1	0|2|0	0.86	0.86	0.86	0.86	0.86	1.79	5.00	0.01
ORF6-A549-Nt	P55036	PSMD4	4	4	4.00	1	0|0|0	1.00	1.00	1.00	1.00	1.00	7.27	40.00	0.00
ORF6-A549-Nt	Q9UNM6	PSMD13	3	3	3.00	1	0|0|0	1.00	1.00	1.00	1.00	1.00	5.45	30.00	0.00
ORF6-A549-Nt	P18031	PTPN1	15	15	15.00	1	0|3|0	0.99	0.99	0.99	0.99	0.99	5.05	10.00	0.00
ORF6-A549-Nt	P11216	PYGB	5	5	5.00	1	12|10|0	0.00	0.00	0.00	0.00	0.00	-33.58	0.45	0.54
ORF6-A549-Nt	Q92900	UPF1	14	14	14.00	1	58|81|0	0.00	0.00	0.00	0.00	0.00	-255.68	0.20	0.54
ORF6-A549-Nt	P15880	RPS2	10	10	10.00	1	8|13|0	0.00	0.00	0.00	0.00	0.00	-22.93	0.95	0.41
ORF6-A549-Nt	P21912	SDHB	5	5	5.00	1	0|0|0	1.00	1.00	1.00	1.00	1.00	8.93	50.00	0.00
ORF6-A549-Nt	O43765	SGTA	5	5	5.00	1	0|0|0	1.00	1.00	1.00	1.00	1.00	8.89	50.00	0.00
ORF6-A549-Nt	Q08945	SSRP1	5	5	5.00	1	14|15|0	0.00	0.00	0.00	0.00	0.00	-47.83	0.34	0.54
ORF6-A549-Nt	P40763	STAT3	53	53	53.00	1	65|63|0	0.00	0.00	0.00	0.00	0.00	-149.97	0.83	0.53
ORF6-A549-Nt	Q13586	STIM1	90	90	90.00	1	37|43|0	0.00	0.00	0.00	0.00	0.00	-15.23	2.25	0.35
ORF6-A549-Nt	Q99614	TTC1	9	9	9.00	1	6|6|0	0.00	0.00	0.00	0.00	0.00	-8.62	1.50	0.25
ORF6-A549-Nt	P49411	TUFM	5	5	5.00	1	0|0|0	1.00	1.00	1.00	1.00	1.00	8.91	50.00	0.00
ORF6-A549-Nt	O14980	XPO1	13	13	13.00	1	0|0|0	1.00	1.00	1.00	1.00	1.00	21.44	130.00	0.00
ORF6-A549-Nt	Q93009	USP7	13	13	13.00	1	42|49|0	0.00	0.00	0.00	0.00	0.00	-156.92	0.29	0.54
ORF6-A549-Nt	Q92804	TAF15	3	3	3.00	1	10|13|0	0.00	0.00	0.00	0.00	0.00	-40.33	0.26	0.54
ORF6-A549-Nt	P48552	NRIP1	6	6	6.00	1	6|3|0	0.00	0.00	0.00	0.00	0.00	-7.66	1.33	0.23
ORF6-A549-Nt	Q9P0L0	VAPA	13	13	13.00	1	0|0|0	1.00	1.00	1.00	1.00	1.00	21.61	130.00	0.00
ORF6-A549-Nt	Q9UNY4	TTF2	5	5	5.00	1	17|13|0	0.00	0.00	0.00	0.00	0.00	-49.88	0.33	0.54
ORF6-A549-Nt	O75665	OFD1	17	17	17.00	1	2|2|0	1.00	1.00	1.00	1.00	1.00	13.76	8.50	0.00
ORF6-A549-Nt	O75363	BCAS1	11	11	11.00	1	0|3|0	0.97	0.97	0.97	0.97	0.97	3.48	7.33	0.01
ORF6-A549-Nt	Q9H2G9	BLZF1	10	10	10.00	1	0|0|0	1.00	1.00	1.00	1.00	1.00	16.81	100.00	0.00
ORF6-A549-Nt	Q9Y265	RUVBL1	5	5	5.00	1	16|22|0	0.00	0.00	0.00	0.00	0.00	-66.54	0.26	0.54
ORF6-A549-Nt	O60763	USO1	46	46	46.00	1	10|9|0	1.00	1.00	1.00	1.00	1.00	24.58	4.84	0.00
ORF6-A549-Nt	O00303	EIF3F	17	17	17.00	1	10|20|0	0.00	0.00	0.00	0.00	0.00	-28.23	1.13	0.44
ORF6-A549-Nt	O15372	EIF3H	14	14	14.00	1	6|13|0	0.00	0.00	0.00	0.00	0.00	-13.72	1.47	0.33
ORF6-A549-Nt	Q9P2R7	SUCLA2	13	13	13.00	1	0|0|0	1.00	1.00	1.00	1.00	1.00	21.37	130.00	0.00
ORF6-A549-Nt	O15164	TRIM24	3	3	3.00	1	8|8|0	0.00	0.00	0.00	0.00	0.00	-25.84	0.38	0.54
ORF6-A549-Nt	O60318	MCM3AP	78	78	78.00	1	2|2|0	1.00	1.00	1.00	1.00	1.00	97.02	39.00	0.00
ORF6-A549-Nt	O00401	WASL	5	5	5.00	1	18|19|0	0.00	0.00	0.00	0.00	0.00	-64.51	0.27	0.54
ORF6-A549-Nt	O95210	STBD1	12	12	12.00	1	0|0|0	1.00	1.00	1.00	1.00	1.00	19.85	120.00	0.00
ORF6-A549-Nt	Q8NFJ5	GPRC5A	5	5	5.00	1	0|0|0	1.00	1.00	1.00	1.00	1.00	8.88	50.00	0.00
ORF6-A549-Nt	Q12983	BNIP3	2	2	2.00	1	0|0|0	0.97	0.97	0.97	0.97	0.97	3.59	20.00	0.00
ORF6-A549-Nt	P49327	FASN	55	55	55.00	1	83|71|0	0.00	0.00	0.00	0.00	0.00	-195.19	0.71	0.53
ORF6-A549-Nt	P38646	HSPA9	22	22	22.00	1	3|2|0	1.00	1.00	1.00	1.00	1.00	17.99	8.80	0.00
ORF6-A549-Nt	P31040	SDHA	4	4	4.00	1	0|0|0	1.00	1.00	1.00	1.00	1.00	7.22	40.00	0.00
ORF6-A549-Nt	O00559	EBAG9	7	7	7.00	1	0|0|0	1.00	1.00	1.00	1.00	1.00	12.10	70.00	0.00
ORF6-A549-Nt	Q14669	TRIP12	31	31	31.00	1	29|25|0	0.00	0.00	0.00	0.00	0.00	-50.74	1.15	0.49
ORF6-A549-Nt	Q15643	TRIP11	273	273	273.00	1	0|0|0	1.00	1.00	1.00	1.00	1.00	390.50	2730.00	0.00
ORF6-A549-Nt	Q15642	TRIP10	12	12	12.00	1	5|9|0	0.00	0.00	0.00	0.00	0.00	-7.92	1.71	0.24
ORF6-A549-Nt	O95864	FADS2	8	8	8.00	1	0|0|0	1.00	1.00	1.00	1.00	1.00	13.68	80.00	0.00
ORF6-A549-Nt	O75570	MTRF1	5	5	5.00	1	0|0|0	1.00	1.00	1.00	1.00	1.00	8.86	50.00	0.00
ORF6-A549-Nt	O75694	NUP155	16	16	16.00	1	3|2|0	1.00	1.00	1.00	1.00	1.00	10.66	6.40	0.00
ORF6-A549-Nt	Q07960	ARHGAP1	15	15	15.00	1	5|6|0	0.71	0.71	0.71	0.71	0.71	0.89	2.73	0.01
ORF6-A549-Nt	O43683	BUB1	14	14	14.00	1	21|25|0	0.00	0.00	0.00	0.00	0.00	-62.94	0.61	0.54
ORF6-A549-Nt	Q05682	CALD1	8	8	8.00	1	34|32|0	0.00	0.00	0.00	0.00	0.00	-117.67	0.24	0.54
ORF6-A549-Nt	Q14254	FLOT2	24	24	24.00	1	6|7|0	1.00	1.00	1.00	1.00	1.00	8.56	3.69	0.00
ORF6-A549-Nt	Q08379	GOLGA2	80	80	80.00	1	15|4|0	1.00	1.00	1.00	1.00	1.00	8.75	8.42	0.00
ORF6-A549-Nt	Q00839	HNRNPU	4	4	4.00	1	18|22|0	0.00	0.00	0.00	0.00	0.00	-73.56	0.20	0.54
ORF6-A549-Nt	P52732	KIF11	132	132	132.00	1	19|21|0	1.00	1.00	1.00	1.00	1.00	89.62	6.60	0.00
ORF6-A549-Nt	P55209	NAP1L1	5	5	5.00	1	11|13|0	0.00	0.00	0.00	0.00	0.00	-37.58	0.42	0.54
ORF6-A549-Nt	O95299	NDUFA10	7	7	7.00	1	0|0|0	1.00	1.00	1.00	1.00	1.00	12.14	70.00	0.00
ORF6-A549-Nt	O75381	PEX14	9	9	9.00	1	3|3|0	0.79	0.79	0.80	0.80	0.80	1.36	3.00	0.01
ORF6-A549-Nt	P51149	RAB7A	5	5	5.00	1	0|0|0	1.00	1.00	1.00	1.00	1.00	9.04	50.00	0.00
ORF6-A549-Nt	Q9Y217	MTMR6	8	8	8.00	1	3|4|0	0.18	0.18	0.18	0.18	0.18	-1.54	2.29	0.07
ORF6-A549-Nt	O43395	PRPF3	32	32	32.00	1	53|55|0	0.00	0.00	0.00	0.00	0.00	-149.13	0.59	0.54
ORF6-A549-Nt	O14737	PDCD5	4	4	4.00	1	10|13|0	0.00	0.00	0.00	0.00	0.00	-37.86	0.35	0.54
ORF6-A549-Nt	Q8TDM6	DLG5	4	4	4.00	1	9|5|0	0.00	0.00	0.00	0.00	0.00	-19.85	0.57	0.54
ORF6-A549-Nt	O75911	DHRS3	9	9	9.00	1	0|0|0	1.00	1.00	1.00	1.00	1.00	15.24	90.00	0.00
ORF6-A549-Nt	O95721	SNAP29	17	17	17.00	1	10|13|0	0.00	0.00	0.00	0.00	0.00	-16.50	1.48	0.36
ORF6-A549-Nt	O43396	TXNL1	46	46	46.00	1	0|4|0	1.00	1.00	1.00	1.00	1.00	11.20	23.00	0.00
ORF6-A549-Nt	Q02241	KIF23	15	15	15.00	1	24|22|0	0.00	0.00	0.00	0.00	0.00	-61.08	0.65	0.54
ORF6-A549-Nt	O15126	SCAMP1	6	6	6.00	1	0|0|0	1.00	1.00	1.00	1.00	1.00	10.50	60.00	0.00
ORF6-A549-Nt	O75396	SEC22B	49	49	49.00	1	4|9|0	1.00	1.00	1.00	1.00	1.00	18.40	7.54	0.00
ORF6-A549-Nt	P53992	SEC24C	14	14	14.00	1	0|0|0	1.00	1.00	1.00	1.00	1.00	22.95	140.00	0.00
ORF6-A549-Nt	P33527	ABCC1	3	3	3.00	1	0|0|0	1.00	1.00	1.00	1.00	1.00	5.49	30.00	0.00
ORF6-A549-Nt	Q9UM54	MYO6	22	22	22.00	1	53|43|0	0.00	0.00	0.00	0.00	0.00	-145.90	0.46	0.54
ORF6-A549-Nt	O00746	NME4	2	2	2.00	1	0|0|0	0.97	0.97	0.97	0.97	0.97	3.59	20.00	0.00
ORF6-A549-Nt	Q15070	OXA1L	7	7	7.00	1	0|0|0	1.00	1.00	1.00	1.00	1.00	12.11	70.00	0.00
ORF6-A549-Nt	P53350	PLK1	4	4	4.00	1	5|5|0	0.00	0.00	0.00	0.00	0.00	-12.24	0.80	0.31
ORF6-A549-Nt	O00411	POLRMT	2	2	2.00	1	0|0|0	0.97	0.97	0.97	0.97	0.97	3.59	20.00	0.00
ORF6-A549-Nt	O00767	SCD	8	8	8.00	1	0|0|0	1.00	1.00	1.00	1.00	1.00	13.70	80.00	0.00
ORF6-A549-Nt	Q14258	TRIM25	15	15	15.00	1	29|28|0	0.00	0.00	0.00	0.00	0.00	-82.56	0.53	0.54
ORF6-A549-Nt	P35658	NUP214	244	244	244.00	1	75|61|0	1.00	1.00	1.00	1.00	1.00	65.02	3.59	0.00
ORF6-A549-Nt	Q8TBA6	GOLGA5	102	102	102.00	1	11|20|0	1.00	1.00	1.00	1.00	1.00	23.42	6.58	0.00
ORF6-A549-Nt	Q14764	MVP	8	8	8.00	1	35|32|0	0.00	0.00	0.00	0.00	0.00	-119.77	0.24	0.54
ORF6-A549-Nt	P49790	NUP153	132	132	132.00	1	64|53|0	0.00	0.00	0.00	0.00	0.00	-14.89	2.26	0.35
ORF6-A549-Nt	O43290	SART1	9	9	9.00	1	50|51|0	0.00	0.00	0.00	0.00	0.00	-189.68	0.18	0.54
ORF6-A549-Nt	P00367	GLUD1	2	2	2.00	1	0|0|0	0.97	0.97	0.97	0.97	0.97	3.59	20.00	0.00
ORF6-A549-Nt	P51610	HCFC1	5	5	5.00	1	40|28|0	0.00	0.00	0.00	0.00	0.00	-130.64	0.15	0.54
ORF6-A549-Nt	P19338	NCL	7	7	7.00	1	31|32|0	0.00	0.00	0.00	0.00	0.00	-114.05	0.22	0.54
ORF6-A549-Nt	P32019	INPP5B	4	4	4.00	1	0|0|0	1.00	1.00	1.00	1.00	1.00	7.18	40.00	0.00
ORF6-A549-Nt	P49257	LMAN1	19	19	19.00	1	0|0|0	1.00	1.00	1.00	1.00	1.00	30.39	190.00	0.00
ORF6-A549-Nt	Q15382	RHEB	10	10	10.00	1	11|19|0	0.00	0.00	0.00	0.00	0.00	-39.26	0.67	0.54
ORF6-A549-Nt	Q15545	TAF7	4	4	4.00	1	15|13|0	0.00	0.00	0.00	0.00	0.00	-48.22	0.29	0.54
ORF6-A549-Nt	O00124	UBXN8	3	3	3.00	1	0|0|0	1.00	1.00	1.00	1.00	1.00	5.47	30.00	0.00
ORF6-A549-Nt	Q9UG63	ABCF2	9	9	9.00	1	21|25|0	0.00	0.00	0.00	0.00	0.00	-73.33	0.39	0.54
ORF6-A549-Nt	P43490	NAMPT	5	5	5.00	1	5|10|0	0.00	0.00	0.00	0.00	0.00	-19.81	0.67	0.54
ORF6-A549-Nt	Q03701	CEBPZ	4	4	4.00	1	6|4|0	0.00	0.00	0.00	0.00	0.00	-12.30	0.80	0.31
ORF6-A549-Nt	Q13263	TRIM28	10	10	10.00	1	19|29|0	0.00	0.00	0.00	0.00	0.00	-74.86	0.42	0.54
ORF6-A549-Nt	O00487	PSMD14	12	12	12.00	1	5|7|0	0.01	0.01	0.01	0.01	0.01	-4.56	2.00	0.15
ORF6-A549-Nt	Q92665	MRPS31	68	68	68.00	1	0|0|0	1.00	1.00	1.00	1.00	1.00	100.94	680.00	0.00
ORF6-A549-Nt	O15155	BET1	10	10	10.00	1	0|0|0	1.00	1.00	1.00	1.00	1.00	16.82	100.00	0.00
ORF6-A549-Nt	O75874	IDH1	3	3	3.00	1	3|9|0	0.00	0.00	0.00	0.00	0.00	-17.35	0.50	0.54
ORF6-A549-Nt	P46821	MAP1B	127	127	127.00	1	268|218|0	0.00	0.00	0.00	0.00	0.00	-703.75	0.52	0.54
ORF6-A549-Nt	P31153	MAT2A	5	5	5.00	1	4|7|0	0.00	0.00	0.00	0.00	0.00	-12.62	0.91	0.32
ORF6-A549-Nt	P40926	MDH2	4	4	4.00	1	0|0|0	1.00	1.00	1.00	1.00	1.00	7.22	40.00	0.00
ORF6-A549-Nt	P52272	HNRNPM	25	25	25.00	1	56|53|0	0.00	0.00	0.00	0.00	0.00	-165.39	0.46	0.54
ORF6-A549-Nt	Q13123	IK	6	6	6.00	1	17|27|0	0.00	0.00	0.00	0.00	0.00	-76.28	0.27	0.54
ORF6-A549-Nt	P63244	RACK1	11	11	11.00	1	0|6|6	0.00	0.00	0.00	0.00	0.00	-5.88	1.83	0.19
ORF6-A549-Nt	Q96CW5	TUBGCP3	3	3	3.00	1	7|6|0	0.00	0.00	0.00	0.00	0.00	-19.80	0.46	0.54
ORF6-A549-Nt	P62826	RAN	7	7	7.00	1	8|6|14	0.00	0.00	0.00	0.00	0.00	-29.50	0.64	0.54
ORF6-A549-Nt	Q8WXW3	PIBF1	5	5	5.00	1	0|0|0	1.00	1.00	1.00	1.00	1.00	8.88	50.00	0.00
ORF6-A549-Nt	O43615	TIMM44	22	22	22.00	1	0|0|0	1.00	1.00	1.00	1.00	1.00	34.73	220.00	0.00
ORF6-A549-Nt	Q7L2H7	EIF3M	2	2	2.00	1	5|9|0	0.00	0.00	0.00	0.00	0.00	-24.09	0.29	0.54
ORF6-A549-Nt	O95373	IPO7	16	16	16.00	1	18|16|0	0.00	0.00	0.00	0.00	0.00	-37.19	0.94	0.46
ORF6-A549-Nt	O75915	ARL6IP5	6	6	6.00	1	0|0|0	1.00	1.00	1.00	1.00	1.00	10.51	60.00	0.00
ORF6-A549-Nt	O15269	SPTLC1	5	5	5.00	1	0|0|0	1.00	1.00	1.00	1.00	1.00	8.87	50.00	0.00
ORF6-A549-Nt	Q9UKK3	PARP4	14	14	14.00	1	32|19|0	0.00	0.00	0.00	0.00	0.00	-72.25	0.55	0.54
ORF6-A549-Nt	Q6P2Q9	PRPF8	24	24	24.00	1	12|7|0	0.27	0.27	0.27	0.27	0.27	-0.97	2.53	0.06
ORF6-A549-Nt	Q96R06	SPAG5	95	95	95.00	1	33|23|0	1.00	1.00	1.00	1.00	1.00	14.50	3.39	0.00
ORF6-A549-Nt	O95361	TRIM16	2	2	2.00	1	3|6|0	0.00	0.00	0.00	0.00	0.00	-13.95	0.44	0.54
ORF6-A549-Nt	P43686	PSMC4	11	11	11.00	1	2|4|0	0.98	0.98	0.98	0.98	0.98	3.72	3.67	0.00
ORF6-A549-Nt	P11166	SLC2A1	4	4	4.00	1	0|0|0	1.00	1.00	1.00	1.00	1.00	7.18	40.00	0.00
ORF6-A549-Nt	O15498	YKT6	12	12	12.00	1	0|3|0	0.98	0.98	0.98	0.98	0.98	3.93	8.00	0.00
ORF6-A549-Nt	P50990	CCT8	126	126	126.00	1	182|225|0	0.00	0.00	0.00	0.00	0.00	-550.28	0.62	0.54
ORF6-A549-Nt	Q9Y266	NUDC	13	13	13.00	1	23|25|0	0.00	0.00	0.00	0.00	0.00	-68.75	0.54	0.54
ORF6-A549-Nt	O76031	CLPX	26	26	26.00	1	0|0|0	1.00	1.00	1.00	1.00	1.00	40.59	260.00	0.00
ORF6-A549-Nt	Q9H4M9	EHD1	6	6	6.00	1	19|20|0	0.00	0.00	0.00	0.00	0.00	-66.11	0.31	0.54
ORF6-A549-Nt	P31948	STIP1	12	12	12.00	1	11|18|0	0.00	0.00	0.00	0.00	0.00	-34.12	0.83	0.46
ORF6-A549-Nt	Q07065	CKAP4	12	12	12.00	1	0|0|0	1.00	1.00	1.00	1.00	1.00	19.86	120.00	0.00
ORF6-A549-Nt	Q92616	GCN1	4	4	4.00	1	16|11|0	0.00	0.00	0.00	0.00	0.00	-46.12	0.30	0.54
ORF6-A549-Nt	Q13435	SF3B2	6	6	6.00	1	45|37|0	0.00	0.00	0.00	0.00	0.00	-158.06	0.15	0.54
ORF6-A549-Nt	O95359	TACC2	45	45	45.00	1	52|78|0	0.00	0.00	0.00	0.00	0.00	-166.67	0.69	0.53
ORF6-A549-Nt	O15258	RER1	14	14	14.00	1	0|0|0	1.00	1.00	1.00	1.00	1.00	22.89	140.00	0.00
ORF6-A549-Nt	O95684	FGFR1OP	3	3	3.00	1	2|4|0	0.00	0.00	0.00	0.00	0.00	-6.62	1.00	0.21
ORF6-A549-Nt	O95229	ZWINT	15	15	15.00	1	4|9|0	0.04	0.04	0.04	0.04	0.04	-3.21	2.31	0.12
ORF6-A549-Nt	P82094	TMF1	36	36	36.00	1	24|23|0	0.00	0.00	0.00	0.00	0.00	-31.58	1.53	0.45
ORF6-A549-Nt	P55072	VCP	10	10	10.00	1	14|15|0	0.00	0.00	0.00	0.00	0.00	-37.53	0.69	0.46
ORF6-A549-Nt	Q9Y3F4	STRAP	3	3	3.00	1	9|13|0	0.00	0.00	0.00	0.00	0.00	-38.19	0.27	0.54
ORF6-A549-Nt	Q9Y6Y8	SEC23IP	115	115	115.00	1	17|17|0	1.00	1.00	1.00	1.00	1.00	79.34	6.76	0.00
ORF6-A549-Nt	O43572	AKAP10	9	9	9.00	1	2|6|0	0.10	0.10	0.10	0.10	0.10	-2.24	2.25	0.09
ORF6-A549-Nt	O60831	PRAF2	2	2	2.00	1	0|0|0	0.97	0.97	0.97	0.97	0.97	3.59	20.00	0.00
ORF6-A549-Nt	Q9UPZ3	HPS5	4	4	4.00	1	9|4|0	0.00	0.00	0.00	0.00	0.00	-17.72	0.62	0.54
ORF6-A549-Nt	Q99653	CHP1	5	5	5.00	1	0|0|0	1.00	1.00	1.00	1.00	1.00	8.88	50.00	0.00
ORF6-A549-Nt	Q96H20	SNF8	8	8	8.00	1	8|15|0	0.00	0.00	0.00	0.00	0.00	-29.55	0.70	0.44
ORF6-A549-Nt	O95372	LYPLA2	18	18	18.00	1	31|48|0	0.00	0.00	0.00	0.00	0.00	-119.71	0.46	0.54
ORF6-A549-Nt	O15504	NUP42	61	61	61.00	1	3|6|0	1.00	1.00	1.00	1.00	1.00	59.31	13.56	0.00
ORF6-A549-Nt	Q86XP3	DDX42	7	7	7.00	1	50|38|0	0.00	0.00	0.00	0.00	0.00	-167.70	0.16	0.54
ORF6-A549-Nt	P48643	CCT5	20	20	20.00	1	21|25|0	0.00	0.00	0.00	0.00	0.00	-52.62	0.87	0.50
ORF6-A549-Nt	O95433	AHSA1	5	5	5.00	1	11|14|0	0.00	0.00	0.00	0.00	0.00	-39.56	0.40	0.54
ORF6-A549-Nt	Q9ULW0	TPX2	4	4	4.00	1	34|29|0	0.00	0.00	0.00	0.00	0.00	-123.34	0.13	0.54
ORF6-A549-Nt	Q9Y5K6	CD2AP	25	25	25.00	1	67|71|0	0.00	0.00	0.00	0.00	0.00	-224.77	0.36	0.54
ORF6-A549-Nt	Q9UBF2	COPG2	6	6	6.00	1	0|3|0	0.80	0.80	0.80	0.80	0.80	1.40	4.00	0.01
ORF6-A549-Nt	Q14318	FKBP8	6	6	6.00	1	0|0|0	1.00	1.00	1.00	1.00	1.00	10.55	60.00	0.00
ORF6-A549-Nt	Q13573	SNW1	7	7	7.00	1	24|34|0	0.00	0.00	0.00	0.00	0.00	-103.18	0.24	0.54
ORF6-A549-Nt	Q9Y3P4	RHBDD3	39	39	39.00	1	0|0|0	1.00	1.00	1.00	1.00	1.00	59.42	390.00	0.00
ORF6-A549-Nt	O95202	LETM1	7	7	7.00	1	0|0|0	1.00	1.00	1.00	1.00	1.00	12.11	70.00	0.00
ORF6-A549-Nt	Q9BZE4	GTPBP4	2	2	2.00	1	7|6|0	0.00	0.00	0.00	0.00	0.00	-22.02	0.31	0.54
ORF6-A549-Nt	O15067	PFAS	3	3	3.00	1	4|2|0	0.00	0.00	0.00	0.00	0.00	-6.69	1.00	0.21
ORF6-A549-Nt	Q9H2M9	RAB3GAP2	49	49	49.00	1	37|25|0	0.00	0.00	0.00	0.00	0.00	-40.76	1.58	0.47
ORF6-A549-Nt	Q15393	SF3B3	9	9	9.00	1	24|23|0	0.00	0.00	0.00	0.00	0.00	-75.36	0.38	0.54
ORF6-A549-Nt	Q9Y2X9	ZNF281	39	39	39.00	1	54|51|0	0.00	0.00	0.00	0.00	0.00	-130.60	0.74	0.53
ORF6-A549-Nt	Q9UHD2	TBK1	7	7	7.00	1	0|0|0	1.00	1.00	1.00	1.00	1.00	12.12	70.00	0.00
ORF6-A549-Nt	Q92620	DHX38	3	3	3.00	1	37|36|0	0.00	0.00	0.00	0.00	0.00	-148.78	0.08	0.54
ORF6-A549-Nt	O60826	CCDC22	78	78	78.00	1	3|4|0	1.00	1.00	1.00	1.00	1.00	87.40	22.29	0.00
ORF6-A549-Nt	O75643	SNRNP200	9	9	9.00	1	31|28|0	0.00	0.00	0.00	0.00	0.00	-100.27	0.31	0.54
ORF6-A549-Nt	Q9P032	NDUFAF4	3	3	3.00	1	0|0|0	1.00	1.00	1.00	1.00	1.00	5.44	30.00	0.00
ORF6-A549-Nt	Q9UGP4	LIMD1	4	4	4.00	1	12|19|0	0.00	0.00	0.00	0.00	0.00	-54.39	0.26	0.54
ORF6-A549-Nt	Q9H1K1	ISCU	2	2	2.00	1	0|0|0	0.97	0.97	0.97	0.97	0.97	3.59	20.00	0.00
ORF6-A549-Nt	Q9ULV4	CORO1C	19	19	19.00	1	21|17|0	0.00	0.00	0.00	0.00	0.00	-39.88	1.00	0.47
ORF6-A549-Nt	Q6P2E9	EDC4	16	16	16.00	1	18|15|0	0.00	0.00	0.00	0.00	0.00	-35.43	0.97	0.46
ORF6-A549-Nt	O95625	ZBTB11	2	2	2.00	1	0|0|0	0.97	0.97	0.97	0.97	0.97	3.59	20.00	0.00
ORF6-A549-Nt	Q9Y5X3	SNX5	7	7	7.00	1	13|21|0	0.00	0.00	0.00	0.00	0.00	-53.22	0.41	0.54
ORF6-A549-Nt	Q8NDV7	TNRC6A	24	24	24.00	1	29|14|0	0.00	0.00	0.00	0.00	0.00	-40.78	1.12	0.47
ORF6-A549-Nt	Q9P0V3	SH3BP4	26	26	26.00	1	25|31|0	0.00	0.00	0.00	0.00	0.00	-61.48	0.93	0.50
ORF6-A549-Nt	Q9NZN4	EHD2	7	7	7.00	1	7|8|0	0.00	0.00	0.00	0.00	0.00	-16.77	0.93	0.37
ORF6-A549-Nt	Q92575	UBXN4	11	11	11.00	1	0|0|0	1.00	1.00	1.00	1.00	1.00	18.33	110.00	0.00
ORF6-A549-Nt	O94851	MICAL2	4	4	4.00	1	0|0|0	1.00	1.00	1.00	1.00	1.00	7.18	40.00	0.00
ORF6-A549-Nt	Q6PGP7	TTC37	6	6	6.00	1	0|0|0	1.00	1.00	1.00	1.00	1.00	10.50	60.00	0.00
ORF6-A549-Nt	Q9H2G2	SLK	12	12	12.00	1	34|29|0	0.00	0.00	0.00	0.00	0.00	-101.24	0.38	0.54
ORF6-A549-Nt	Q92543	SNX19	9	9	9.00	1	0|0|0	1.00	1.00	1.00	1.00	1.00	15.24	90.00	0.00
ORF6-A549-Nt	P49406	MRPL19	2	2	2.00	1	0|0|0	0.97	0.97	0.97	0.97	0.97	3.61	20.00	0.00
ORF6-A549-Nt	Q5VT06	CEP350	38	38	38.00	1	14|7|0	0.99	0.99	0.99	0.99	0.99	5.00	3.62	0.00
ORF6-A549-Nt	O94826	TOMM70	4	4	4.00	1	0|0|0	1.00	1.00	1.00	1.00	1.00	7.19	40.00	0.00
ORF6-A549-Nt	O94855	SEC24D	16	16	16.00	1	0|0|0	1.00	1.00	1.00	1.00	1.00	25.89	160.00	0.00
ORF6-A549-Nt	Q7L014	DDX46	23	23	23.00	1	90|80|0	0.00	0.00	0.00	0.00	0.00	-296.82	0.27	0.54
ORF6-A549-Nt	Q15021	NCAPD2	13	13	13.00	1	3|2|0	1.00	1.00	1.00	1.00	1.00	7.23	5.20	0.00
ORF6-A549-Nt	O15027	SEC16A	138	138	138.00	1	44|42|0	1.00	1.00	1.00	1.00	1.00	34.40	3.21	0.00
ORF6-A549-Nt	Q15058	KIF14	43	43	43.00	1	8|3|0	1.00	1.00	1.00	1.00	1.00	13.44	7.82	0.00
ORF6-A549-Nt	Q13442	PDAP1	6	6	6.00	1	13|12|0	0.00	0.00	0.00	0.00	0.00	-37.48	0.48	0.54
ORF6-A549-Nt	Q9UPN7	PPP6R1	2	2	2.00	1	6|7|0	0.00	0.00	0.00	0.00	0.00	-22.00	0.31	0.54
ORF6-A549-Nt	Q9UL25	RAB21	6	6	6.00	1	0|0|0	1.00	1.00	1.00	1.00	1.00	10.51	60.00	0.00
ORF6-A549-Nt	Q8TEY7	USP33	3	3	3.00	1	0|0|0	1.00	1.00	1.00	1.00	1.00	5.44	30.00	0.00
ORF6-A549-Nt	Q7Z3U7	MON2	24	24	24.00	1	14|9|0	0.00	0.00	0.00	0.00	0.00	-6.54	2.09	0.20
ORF6-A549-Nt	Q9UH65	SWAP70	3	3	3.00	1	10|18|0	0.00	0.00	0.00	0.00	0.00	-50.57	0.21	0.54
ORF6-A549-Nt	O75592	MYCBP2	102	102	102.00	1	0|0|0	1.00	1.00	1.00	1.00	1.00	149.20	1020.00	0.00
ORF6-A549-Nt	O60292	SIPA1L3	15	15	15.00	1	55|48|0	0.00	0.00	0.00	0.00	0.00	-176.97	0.29	0.54
ORF6-A549-Nt	Q86XL3	ANKLE2	49	49	49.00	1	11|8|0	1.00	1.00	1.00	1.00	1.00	27.58	5.16	0.00
ORF6-A549-Nt	Q8TCU4	ALMS1	24	24	24.00	1	30|20|0	0.00	0.00	0.00	0.00	0.00	-53.56	0.96	0.50
ORF6-A549-Nt	Q92621	NUP205	5	5	5.00	1	0|5|0	0.15	0.15	0.16	0.16	0.16	-1.68	2.00	0.08
ORF6-A549-Nt	Q5VT52	RPRD2	5	5	5.00	1	35|32|0	0.00	0.00	0.00	0.00	0.00	-128.74	0.15	0.54
ORF6-A549-Nt	Q9UNK9	ANGEL1	5	5	5.00	1	0|0|0	1.00	1.00	1.00	1.00	1.00	8.86	50.00	0.00
ORF6-A549-Nt	Q6PKG0	LARP1	5	5	5.00	1	20|19|0	0.00	0.00	0.00	0.00	0.00	-68.70	0.26	0.54
ORF6-A549-Nt	Q5SRE5	NUP188	14	14	14.00	1	0|0|0	1.00	1.00	1.00	1.00	1.00	22.88	140.00	0.00
ORF6-A549-Nt	Q14160	SCRIB	3	3	3.00	1	37|36|0	0.00	0.00	0.00	0.00	0.00	-148.78	0.08	0.54
ORF6-A549-Nt	Q9GZM5	YIPF3	15	15	15.00	1	0|0|0	1.00	1.00	1.00	1.00	1.00	24.38	150.00	0.00
ORF6-A549-Nt	Q8WYP5	AHCTF1	12	12	12.00	1	18|9|0	0.00	0.00	0.00	0.00	0.00	-30.24	0.89	0.44
ORF6-A549-Nt	Q4AC94	C2CD3	18	18	18.00	1	4|0|0	0.99	0.99	0.99	0.99	0.99	4.49	9.00	0.00
ORF6-A549-Nt	A1L390	PLEKHG3	12	12	12.00	1	7|0|0	0.73	0.73	0.72	0.72	0.73	0.96	3.43	0.01
ORF6-A549-Nt	Q9Y2S7	POLDIP2	3	3	3.00	1	0|0|0	1.00	1.00	1.00	1.00	1.00	5.45	30.00	0.00
ORF6-A549-Nt	Q5T3I0	GPATCH4	8	8	8.00	1	24|30|0	0.00	0.00	0.00	0.00	0.00	-92.37	0.30	0.54
ORF6-A549-Nt	Q9UGI8	TES	5	5	5.00	1	10|13|0	0.00	0.00	0.00	0.00	0.00	-35.61	0.43	0.54
ORF6-A549-Nt	Q9Y2X3	NOP58	6	6	6.00	1	4|7|0	0.00	0.00	0.00	0.00	0.00	-11.17	1.09	0.30
ORF6-A549-Nt	Q9Y282	ERGIC3	4	4	4.00	1	0|0|0	1.00	1.00	1.00	1.00	1.00	7.18	40.00	0.00
ORF6-A549-Nt	Q9Y2R5	MRPS17	4	4	4.00	1	0|0|0	1.00	1.00	1.00	1.00	1.00	7.18	40.00	0.00
ORF6-A549-Nt	Q9Y224	RTRAF	7	7	7.00	1	6|12|0	0.00	0.00	0.00	0.00	0.00	-21.91	0.78	0.40
ORF6-A549-Nt	Q9Y6G5	COMMD10	11	11	11.00	1	9|10|0	0.00	0.00	0.00	0.00	0.00	-18.03	1.16	0.38
ORF6-A549-Nt	Q96Q89	KIF20B	7	7	7.00	1	7|8|0	0.00	0.00	0.00	0.00	0.00	-16.79	0.93	0.37
ORF6-A549-Nt	Q9UKF6	CPSF3	6	6	6.00	1	10|22|0	0.00	0.00	0.00	0.00	0.00	-50.99	0.38	0.54
ORF6-A549-Nt	Q9UKA4	AKAP11	4	4	4.00	1	0|0|0	1.00	1.00	1.00	1.00	1.00	7.20	40.00	0.00
ORF6-A549-Nt	Q5SSJ5	HP1BP3	4	4	4.00	1	20|27|0	0.00	0.00	0.00	0.00	0.00	-88.67	0.17	0.54
ORF6-A549-Nt	Q9UQ35	SRRM2	8	8	8.00	1	16|7|0	0.00	0.00	0.00	0.00	0.00	-29.32	0.70	0.44
ORF6-A549-Nt	Q9P035	HACD3	5	5	5.00	1	0|0|0	1.00	1.00	1.00	1.00	1.00	8.89	50.00	0.00
ORF6-A549-Nt	Q96RQ1	ERGIC2	3	3	3.00	1	0|0|0	1.00	1.00	1.00	1.00	1.00	5.45	30.00	0.00
ORF6-A549-Nt	Q7LBC6	KDM3B	9	9	9.00	1	51|43|0	0.00	0.00	0.00	0.00	0.00	-174.61	0.19	0.54
ORF6-A549-Nt	Q9UH62	ARMCX3	8	8	8.00	1	0|0|0	1.00	1.00	1.00	1.00	1.00	13.69	80.00	0.00
ORF6-A549-Nt	O95551	TDP2	8	8	8.00	1	12|17|0	0.00	0.00	0.00	0.00	0.00	-41.36	0.55	0.54
ORF6-A549-Nt	Q7Z3B4	NUP54	19	19	19.00	1	0|0|0	1.00	1.00	1.00	1.00	1.00	30.32	190.00	0.00
ORF6-A549-Nt	Q99871	HAUS7	3	3	3.00	1	3|4|0	0.00	0.00	0.00	0.00	0.00	-8.46	0.86	0.24
ORF6-A549-Nt	Q9UKZ1	CNOT11	4	4	4.00	1	0|3|0	0.49	0.49	0.49	0.49	0.49	-0.03	2.67	0.03
ORF6-A549-Nt	Q9HBM0	VEZT	20	20	20.00	1	2|3|0	1.00	1.00	1.00	1.00	1.00	15.42	8.00	0.00
ORF6-A549-Nt	Q2NKX8	ERCC6L	20	20	20.00	1	61|54|0	0.00	0.00	0.00	0.00	0.00	-189.35	0.35	0.54
ORF6-A549-Nt	Q5VV42	CDKAL1	13	13	13.00	1	2|3|0	1.00	1.00	1.00	1.00	1.00	7.23	5.20	0.00
ORF6-A549-Nt	Q96EA4	SPDL1	14	14	14.00	1	18|16|0	0.00	0.00	0.00	0.00	0.00	-40.27	0.82	0.47
ORF6-A549-Nt	Q7L0Y3	TRMT10C	13	13	13.00	1	0|0|0	1.00	1.00	1.00	1.00	1.00	21.37	130.00	0.00
ORF6-A549-Nt	O75400	PRPF40A	5	5	5.00	1	16|16|0	0.00	0.00	0.00	0.00	0.00	-54.05	0.31	0.54
ORF6-A549-Nt	Q6IAA8	LAMTOR1	13	13	13.00	1	9|12|0	0.00	0.00	0.00	0.00	0.00	-18.68	1.24	0.38
ORF6-A549-Nt	Q5VZ89	DENND4C	11	11	11.00	1	25|16|0	0.00	0.00	0.00	0.00	0.00	-58.78	0.54	0.54
ORF6-A549-Nt	Q96EY7	PTCD3	34	34	34.00	1	0|0|0	1.00	1.00	1.00	1.00	1.00	52.23	340.00	0.00
ORF6-A549-Nt	Q6P3W7	SCYL2	14	14	14.00	1	19|18|0	0.00	0.00	0.00	0.00	0.00	-45.80	0.76	0.48
ORF6-A549-Nt	Q9BRR8	GPATCH1	63	63	63.00	1	63|70|0	0.00	0.00	0.00	0.00	0.00	-143.50	0.95	0.53
ORF6-A549-Nt	Q08AM6	VAC14	6	6	6.00	1	0|0|0	1.00	1.00	1.00	1.00	1.00	10.52	60.00	0.00
ORF6-A549-Nt	Q9NSE4	IARS2	100	100	100.00	1	6|9|0	1.00	1.00	1.00	1.00	1.00	96.15	13.33	0.00
ORF6-A549-Nt	Q9NRZ9	HELLS	102	102	102.00	1	118|125|0	0.00	0.00	0.00	0.00	0.00	-282.22	0.84	0.54
ORF6-A549-Nt	Q96P70	IPO9	3	3	3.00	1	9|10|0	0.00	0.00	0.00	0.00	0.00	-31.97	0.32	0.54
ORF6-A549-Nt	Q9P209	CEP72	20	20	20.00	1	2|0|0	1.00	1.00	1.00	1.00	1.00	11.10	20.00	0.00
ORF6-A549-Nt	Q9NVM9	INTS13	2	2	2.00	1	12|16|0	0.00	0.00	0.00	0.00	0.00	-53.84	0.14	0.54
ORF6-A549-Nt	Q7L7V1	DHX32	13	13	13.00	1	0|0|0	1.00	1.00	1.00	1.00	1.00	21.36	130.00	0.00
ORF6-A549-Nt	Q8N6T3	ARFGAP1	11	11	11.00	1	10|19|0	0.00	0.00	0.00	0.00	0.00	-35.55	0.76	0.46
ORF6-A549-Nt	Q8WUM0	NUP133	8	8	8.00	1	8|9|0	0.00	0.00	0.00	0.00	0.00	-18.81	0.94	0.38
ORF6-A549-Nt	Q96HE9	PRR11	13	13	13.00	1	0|0|0	1.00	1.00	1.00	1.00	1.00	21.39	130.00	0.00
ORF6-A549-Nt	Q8TCG2	PI4K2B	7	7	7.00	1	0|0|0	1.00	1.00	1.00	1.00	1.00	12.10	70.00	0.00
ORF6-A549-Nt	Q6ZV73	FGD6	4	4	4.00	1	31|13|0	0.00	0.00	0.00	0.00	0.00	-81.30	0.18	0.54
ORF6-A549-Nt	Q6P0N0	MIS18BP1	5	5	5.00	1	0|0|0	1.00	1.00	1.00	1.00	1.00	8.86	50.00	0.00
ORF6-A549-Nt	Q9H089	LSG1	19	19	19.00	1	10|10|0	0.00	0.00	0.00	0.00	0.00	-8.69	1.90	0.25
ORF6-A549-Nt	Q8NCD3	HJURP	2	2	2.00	1	8|10|0	0.00	0.00	0.00	0.00	0.00	-32.42	0.22	0.54
ORF6-A549-Nt	Q5T6F2	UBAP2	6	6	6.00	1	23|22|0	0.00	0.00	0.00	0.00	0.00	-78.70	0.27	0.54
ORF6-A549-Nt	Q9NZ45	CISD1	8	8	8.00	1	0|2|0	0.98	0.98	0.98	0.98	0.98	3.79	8.00	0.00
ORF6-A549-Nt	Q9NZ43	USE1	13	13	13.00	1	6|8|0	0.00	0.00	0.00	0.00	0.00	-6.61	1.86	0.21
ORF6-A549-Nt	Q8IWB9	TEX2	4	4	4.00	1	2|0|0	0.76	0.76	0.75	0.75	0.76	1.12	4.00	0.01
ORF6-A549-Nt	Q9BXB1	LGR4	22	22	22.00	1	2|0|0	1.00	1.00	1.00	1.00	1.00	12.32	22.00	0.00
ORF6-A549-Nt	Q96AG4	LRRC59	8	8	8.00	1	3|3|0	0.52	0.52	0.52	0.52	0.52	0.08	2.67	0.03
ORF6-A549-Nt	Q7L590	MCM10	4	4	4.00	1	8|3|0	0.00	0.00	0.00	0.00	0.00	-13.86	0.73	0.33
ORF6-A549-Nt	Q9NRY5	FAM114A2	28	28	28.00	1	17|19|0	0.00	0.00	0.00	0.00	0.00	-23.71	1.56	0.41
ORF6-A549-Nt	Q8WTW3	COG1	55	55	55.00	1	34|35|0	0.00	0.00	0.00	0.00	0.00	-43.19	1.59	0.48
ORF6-A549-Nt	Q7Z478	DHX29	3	3	3.00	1	4|0|0	0.07	0.07	0.07	0.07	0.07	-2.56	1.50	0.11
ORF6-A549-Nt	Q9H0W8	SMG9	2	2	2.00	1	12|18|0	0.00	0.00	0.00	0.00	0.00	-58.17	0.13	0.54
ORF6-A549-Nt	Q9NPA0	EMC7	6	6	6.00	1	0|0|0	1.00	1.00	1.00	1.00	1.00	10.50	60.00	0.00
ORF6-A549-Nt	Q96RQ3	MCCC1	120	120	120.00	1	44|42|198	0.00	0.00	0.00	0.00	0.00	-250.69	0.99	0.53
ORF6-A549-Nt	Q9GZY8	MFF	22	22	22.00	1	4|3|0	1.00	1.00	1.00	1.00	1.00	14.42	6.29	0.00
ORF6-A549-Nt	Q9HCS7	XAB2	98	98	98.00	1	115|117|0	0.00	0.00	0.00	0.00	0.00	-268.46	0.84	0.54
ORF6-A549-Nt	Q96A33	CCDC47	5	5	5.00	1	0|0|0	1.00	1.00	1.00	1.00	1.00	8.90	50.00	0.00
ORF6-A549-Nt	Q86X10	RALGAPB	4	4	4.00	1	3|6|0	0.00	0.00	0.00	0.00	0.00	-10.57	0.89	0.29
ORF6-A549-Nt	Q8WW12	PCNP	2	2	2.00	1	16|18|0	0.00	0.00	0.00	0.00	0.00	-66.84	0.12	0.54
ORF6-A549-Nt	P57740	NUP107	24	24	24.00	1	18|17|0	0.00	0.00	0.00	0.00	0.00	-27.39	1.37	0.43
ORF6-A549-Nt	NP_065155.3	TMEM159	6	6	6.00	1	0|0|0	1.00	1.00	1.00	1.00	1.00	10.50	60.00	0.00
ORF6-A549-Nt	Q9ULT0	TTC7A	3	3	3.00	1	0|0|0	1.00	1.00	1.00	1.00	1.00	5.44	30.00	0.00
ORF6-A549-Nt	O95070	YIF1A	4	4	4.00	1	0|0|0	1.00	1.00	1.00	1.00	1.00	7.19	40.00	0.00
ORF6-A549-Nt	Q3KR37	GRAMD1B	3	3	3.00	1	0|0|0	1.00	1.00	1.00	1.00	1.00	5.44	30.00	0.00
ORF6-A549-Nt	A0FGR8	ESYT2	10	10	10.00	1	6|5|0	0.00	0.00	0.00	0.00	0.00	-5.58	1.82	0.18
ORF6-A549-Nt	Q7Z434	MAVS	49	49	49.00	1	19|22|0	0.01	0.01	0.01	0.01	0.01	-4.31	2.39	0.15
ORF6-A549-Nt	Q96FJ0	STAMBPL1	11	11	11.00	1	21|26|0	0.00	0.00	0.00	0.00	0.00	-70.95	0.47	0.54
ORF6-A549-Nt	Q8IWB7	WDFY1	4	4	4.00	1	8|10|0	0.00	0.00	0.00	0.00	0.00	-27.68	0.44	0.54
ORF6-A549-Nt	Q9P270	SLAIN2	3	3	3.00	1	26|31|0	0.00	0.00	0.00	0.00	0.00	-113.63	0.11	0.54
ORF6-A549-Nt	Q9P260	RELCH	4	4	4.00	1	5|7|0	0.00	0.00	0.00	0.00	0.00	-15.99	0.67	0.54
ORF6-A549-Nt	Q8TCG1	CIP2A	34	34	34.00	1	16|21|0	0.00	0.00	0.00	0.00	0.00	-17.25	1.84	0.37
ORF6-A549-Nt	P19404	NDUFV2	6	6	6.00	1	0|0|0	1.00	1.00	1.00	1.00	1.00	10.51	60.00	0.00
ORF6-A549-Nt	P56181	NDUFV3	11	11	11.00	1	0|0|0	1.00	1.00	1.00	1.00	1.00	18.33	110.00	0.00
ORF6-A549-Nt	P62937	PPIA	2	2	2.00	1	0|0|0	0.97	0.97	0.97	0.97	0.97	3.61	20.00	0.00
ORF6-A549-Nt	P13010	XRCC5	14	14	14.00	1	31|29|0	0.00	0.00	0.00	0.00	0.00	-90.62	0.47	0.54
ORF6-A549-Nt	Q8N163	CCAR2	7	7	7.00	1	35|35|0	0.00	0.00	0.00	0.00	0.00	-129.06	0.20	0.54
ORF6-A549-Nt	Q9UNH7	SNX6	7	7	7.00	1	8|6|0	0.00	0.00	0.00	0.00	0.00	-15.00	1.00	0.35
ORF6-A549-Nt	P82673	MRPS35	5	5	5.00	1	0|0|0	1.00	1.00	1.00	1.00	1.00	8.88	50.00	0.00
ORF6-A549-Nt	Q7L8L6	FASTKD5	20	20	20.00	1	0|0|0	1.00	1.00	1.00	1.00	1.00	31.79	200.00	0.00
ORF6-A549-Nt	Q6NUQ1	RINT1	25	25	25.00	1	6|10|0	1.00	1.00	1.00	1.00	1.00	5.32	3.12	0.00
ORF6-A549-Nt	Q9UQR1	ZNF148	3	3	3.00	1	30|27|0	0.00	0.00	0.00	0.00	0.00	-113.67	0.11	0.54
ORF6-A549-Nt	Q9C0C9	UBE2O	3	3	3.00	1	6|3|0	0.00	0.00	0.00	0.00	0.00	-12.11	0.67	0.54
ORF6-A549-Nt	Q96T76	MMS19	3	3	3.00	1	9|8|0	0.00	0.00	0.00	0.00	0.00	-27.83	0.35	0.54
ORF6-A549-Nt	Q96KC8	DNAJC1	5	5	5.00	1	0|0|0	1.00	1.00	1.00	1.00	1.00	8.88	50.00	0.00
ORF6-A549-Nt	Q9H3P7	ACBD3	13	13	13.00	1	0|0|0	1.00	1.00	1.00	1.00	1.00	21.38	130.00	0.00
ORF6-A549-Nt	Q49A88	CCDC14	6	6	6.00	1	0|0|0	1.00	1.00	1.00	1.00	1.00	10.50	60.00	0.00
ORF6-A549-Nt	Q6P2H3	CEP85	7	7	7.00	1	8|11|0	0.00	0.00	0.00	0.00	0.00	-24.00	0.74	0.41
ORF6-A549-Nt	Q99550	MPHOSPH9	16	16	16.00	1	6|4|0	0.97	0.97	0.97	0.97	0.97	3.66	3.20	0.00
ORF6-A549-Nt	Q9H6S0	YTHDC2	15	15	15.00	1	21|15|0	0.00	0.00	0.00	0.00	0.00	-42.34	0.83	0.48
ORF6-A549-Nt	Q8TAD4	SLC30A5	7	7	7.00	1	0|0|0	1.00	1.00	1.00	1.00	1.00	12.12	70.00	0.00
ORF6-A549-Nt	Q9H3R5	CENPH	21	21	21.00	1	0|5|0	0.99	0.99	0.99	0.99	0.99	4.27	8.40	0.00
ORF6-A549-Nt	Q9H9J2	MRPL44	4	4	4.00	1	0|0|0	1.00	1.00	1.00	1.00	1.00	7.19	40.00	0.00
ORF6-A549-Nt	Q53H96	PYCR3	4	4	4.00	1	3|2|0	0.03	0.03	0.03	0.03	0.03	-3.53	1.60	0.13
ORF6-A549-Nt	Q96HY6	DDRGK1	9	9	9.00	1	0|2|0	0.99	0.99	0.99	0.99	0.99	4.41	9.00	0.00
ORF6-A549-Nt	Q8IW35	CEP97	20	20	20.00	1	25|18|0	0.00	0.00	0.00	0.00	0.00	-47.32	0.93	0.49
ORF6-A549-Nt	Q8TEX9	IPO4	12	12	12.00	1	4|2|0	0.99	0.99	0.99	0.99	0.99	4.83	4.00	0.00
ORF6-A549-Nt	Q96JQ2	CLMN	14	14	14.00	1	14|15|0	0.00	0.00	0.00	0.00	0.00	-31.30	0.97	0.45
ORF6-A549-Nt	Q96K37	SLC35E1	16	16	16.00	1	0|0|0	1.00	1.00	1.00	1.00	1.00	25.86	160.00	0.00
ORF6-A549-Nt	Q8WVV4	POF1B	8	8	8.00	1	19|18|0	0.00	0.00	0.00	0.00	0.00	-57.32	0.43	0.54
ORF6-A549-Nt	Q9H8K7	PAAT	4	4	4.00	1	2|3|0	0.03	0.03	0.03	0.03	0.03	-3.53	1.60	0.13
ORF6-A549-Nt	Q14CX7	NAA25	11	11	11.00	1	0|0|0	1.00	1.00	1.00	1.00	1.00	18.33	110.00	0.00
ORF6-A549-Nt	Q96RP9	GFM1	6	6	6.00	1	0|0|0	1.00	1.00	1.00	1.00	1.00	10.50	60.00	0.00
ORF6-A549-Nt	Q96JH7	VCPIP1	11	11	11.00	1	10|10|0	0.00	0.00	0.00	0.00	0.00	-19.76	1.10	0.39
ORF6-A549-Nt	Q8WV83	SLC35F5	3	3	3.00	1	0|0|0	1.00	1.00	1.00	1.00	1.00	5.44	30.00	0.00
ORF6-A549-Nt	Q96SQ9	CYP2S1	9	9	9.00	1	3|7|0	0.01	0.01	0.00	0.00	0.01	-5.30	1.80	0.18
ORF6-A549-Nt	Q9H3N1	TMX1	4	4	4.00	1	0|0|0	1.00	1.00	1.00	1.00	1.00	7.18	40.00	0.00
ORF6-A549-Nt	Q9H211	CDT1	5	5	5.00	1	0|0|0	1.00	1.00	1.00	1.00	1.00	8.87	50.00	0.00
ORF6-A549-Nt	Q99618	CDCA3	2	2	2.00	1	0|2|0	0.30	0.30	0.30	0.30	0.30	-0.85	2.00	0.04
ORF6-A549-Nt	Q7Z6Z7	HUWE1	3	3	3.00	1	0|0|0	1.00	1.00	1.00	1.00	1.00	5.51	30.00	0.00
ORF6-A549-Nt	Q96JB2	COG3	8	8	8.00	1	0|0|0	1.00	1.00	1.00	1.00	1.00	13.71	80.00	0.00
ORF6-A549-Nt	P82675	MRPS5	3	3	3.00	1	0|0|0	1.00	1.00	1.00	1.00	1.00	5.45	30.00	0.00
ORF6-A549-Nt	P14635	CCNB1	4	4	4.00	1	9|7|0	0.00	0.00	0.00	0.00	0.00	-23.65	0.50	0.54
ORF6-A549-Nt	Q9BY44	EIF2A	7	7	7.00	1	27|32|0	0.00	0.00	0.00	0.00	0.00	-105.59	0.24	0.54
ORF6-A549-Nt	Q8TEP8	CEP192	3	3	3.00	1	6|3|0	0.00	0.00	0.00	0.00	0.00	-12.07	0.67	0.54
ORF6-A549-Nt	Q86VS8	HOOK3	11	11	11.00	1	0|0|0	1.00	1.00	1.00	1.00	1.00	18.35	110.00	0.00
ORF6-A549-Nt	Q96A49	SYAP1	34	34	34.00	1	21|30|0	0.00	0.00	0.00	0.00	0.00	-41.34	1.33	0.47
ORF6-A549-Nt	Q96ST8	CEP89	5	5	5.00	1	0|0|0	1.00	1.00	1.00	1.00	1.00	8.87	50.00	0.00
ORF6-A549-Nt	Q5SWA1	PPP1R15B	41	41	41.00	1	5|8|0	1.00	1.00	1.00	1.00	1.00	26.98	6.31	0.00
ORF6-A549-Nt	Q96SK2	TMEM209	6	6	6.00	1	0|0|0	1.00	1.00	1.00	1.00	1.00	10.50	60.00	0.00
ORF6-A549-Nt	Q8IUC4	RHPN2	12	12	12.00	1	15|19|0	0.00	0.00	0.00	0.00	0.00	-43.61	0.71	0.48
ORF6-A549-Nt	Q8TCS8	PNPT1	55	55	55.00	1	0|0|0	1.00	1.00	1.00	1.00	1.00	82.36	550.00	0.00
ORF6-A549-Nt	Q8TD19	NEK9	4	4	4.00	1	17|16|0	0.00	0.00	0.00	0.00	0.00	-58.73	0.24	0.54
ORF6-A549-Nt	O15260	SURF4	15	15	15.00	1	0|2|0	1.00	1.00	1.00	1.00	1.00	8.13	15.00	0.00
ORF6-A549-Nt	Q96A19	CCDC102A	3	3	3.00	1	9|9|0	0.00	0.00	0.00	0.00	0.00	-29.93	0.33	0.54
ORF6-A549-Nt	P82909	MRPS36	4	4	4.00	1	0|0|0	1.00	1.00	1.00	1.00	1.00	7.18	40.00	0.00
ORF6-A549-Nt	Q9C0C2	TNKS1BP1	8	8	8.00	1	76|73|0	0.00	0.00	0.00	0.00	0.00	-297.51	0.11	0.54
ORF6-A549-Nt	Q9BQP7	MGME1	5	5	5.00	1	0|0|0	1.00	1.00	1.00	1.00	1.00	8.86	50.00	0.00
ORF6-A549-Nt	Q5SQN1	SNAP47	18	18	18.00	1	3|5|0	1.00	1.00	1.00	1.00	1.00	8.72	4.50	0.00
ORF6-A549-Nt	Q9H490	PIGU	10	10	10.00	1	0|0|0	1.00	1.00	1.00	1.00	1.00	16.80	100.00	0.00
ORF6-A549-Nt	Q96G28	CFAP36	3	3	3.00	1	4|6|0	0.00	0.00	0.00	0.00	0.00	-13.96	0.60	0.54
ORF6-A549-Nt	Q96M27	PRRC1	6	6	6.00	1	5|9|0	0.00	0.00	0.00	0.00	0.00	-16.47	0.86	0.36
ORF6-A549-Nt	Q8NFH5	NUP35	22	22	22.00	1	2|3|0	1.00	1.00	1.00	1.00	1.00	18.02	8.80	0.00
ORF6-A549-Nt	Q96GE4	CEP95	4	4	4.00	1	0|0|0	1.00	1.00	1.00	1.00	1.00	7.18	40.00	0.00
ORF6-A549-Nt	Q8IWE2	FAM114A1	26	26	26.00	1	16|17|0	0.00	0.00	0.00	0.00	0.00	-21.31	1.58	0.40
ORF6-A549-Nt	Q8IVF2	AHNAK2	288	288	288.00	1	579|418|0	0.00	0.00	0.00	0.00	0.00	-inf	0.58	0.54
ORF6-A549-Nt	Q96CS2	HAUS1	22	22	22.00	1	0|0|0	1.00	1.00	1.00	1.00	1.00	34.75	220.00	0.00
ORF6-A549-Nt	Q8IXI1	RHOT2	3	3	3.00	1	0|0|0	1.00	1.00	1.00	1.00	1.00	5.44	30.00	0.00
ORF6-A549-Nt	Q5T7W7	TSTD2	7	7	7.00	1	15|19|0	0.00	0.00	0.00	0.00	0.00	-53.44	0.41	0.54
ORF6-A549-Nt	Q8NI36	WDR36	23	23	23.00	1	51|55|0	0.00	0.00	0.00	0.00	0.00	-163.85	0.43	0.54
ORF6-A549-Nt	Q9H910	JPT2	24	24	24.00	1	17|22|0	0.00	0.00	0.00	0.00	0.00	-34.47	1.23	0.46
ORF6-A549-Nt	Q8N0Z3	SPICE1	16	16	16.00	1	10|11|0	0.00	0.00	0.00	0.00	0.00	-14.36	1.52	0.34
ORF6-A549-Nt	Q8TEV9	SMCR8	17	17	17.00	1	8|7|0	0.05	0.05	0.05	0.05	0.05	-3.03	2.27	0.12
ORF6-A549-Nt	Q8WUH6	TMEM263	2	2	2.00	1	3|6|0	0.00	0.00	0.00	0.00	0.00	-13.95	0.44	0.54
ORF6-A549-Nt	Q8WUX9	CHMP7	17	17	17.00	1	16|20|0	0.00	0.00	0.00	0.00	0.00	-39.26	0.94	0.47
ORF6-A549-Nt	Q8WU76	SCFD2	9	9	9.00	1	11|13|0	0.00	0.00	0.00	0.00	0.00	-29.98	0.75	0.44
ORF6-A549-Nt	Q69YH5	CDCA2	4	4	4.00	1	32|26|0	0.00	0.00	0.00	0.00	0.00	-112.44	0.14	0.54
ORF6-A549-Nt	Q86TB9	PATL1	15	15	15.00	1	29|29|0	0.00	0.00	0.00	0.00	0.00	-84.53	0.52	0.54
ORF6-A549-Nt	Q6PJG6	BRAT1	8	8	8.00	1	4|3|0	0.18	0.18	0.18	0.18	0.18	-1.55	2.29	0.07
ORF6-A549-Nt	Q6R327	RICTOR	3	3	3.00	1	14|4|0	0.00	0.00	0.00	0.00	0.00	-29.15	0.33	0.54
ORF6-A549-Nt	Q68DQ2	CRYBG3	26	26	26.00	1	31|20|0	0.00	0.00	0.00	0.00	0.00	-52.33	1.02	0.50
ORF6-A549-Nt	Q96C34	RUNDC1	46	46	46.00	1	0|0|0	1.00	1.00	1.00	1.00	1.00	69.47	460.00	0.00
ORF6-A549-Nt	Q8IVT2	MISP	7	7	7.00	1	31|32|0	0.00	0.00	0.00	0.00	0.00	-114.11	0.22	0.54
ORF6-A549-Nt	Q8N0U8	VKORC1L1	2	2	2.00	1	0|0|0	0.97	0.97	0.97	0.97	0.97	3.59	20.00	0.00
ORF6-A549-Nt	Q8N7C3	TRIML2	11	11	11.00	1	2|5|0	0.89	0.89	0.88	0.88	0.89	2.04	3.14	0.01
ORF6-A549-Nt	Q8NC42	RNF149	4	4	4.00	1	0|0|0	1.00	1.00	1.00	1.00	1.00	7.18	40.00	0.00
ORF6-A549-Nt	Q8NEN9	PDZD8	4	4	4.00	1	0|2|0	0.76	0.76	0.76	0.76	0.76	1.13	4.00	0.01
ORF6-A549-Nt	Q8N5M4	TTC9C	4	4	4.00	1	0|3|0	0.49	0.49	0.49	0.49	0.49	-0.04	2.67	0.03
ORF6-A549-Nt	Q5HYI8	RABL3	8	8	8.00	1	0|0|0	1.00	1.00	1.00	1.00	1.00	13.68	80.00	0.00
ORF6-A549-Nt	Q8N183	NDUFAF2	7	7	7.00	1	0|0|0	1.00	1.00	1.00	1.00	1.00	12.10	70.00	0.00
ORF6-A549-Nt	Q5U649	C12orf60	2	2	2.00	1	0|0|0	0.97	0.97	0.97	0.97	0.97	3.59	20.00	0.00
ORF6-A549-Nt	Q9H444	CHMP4B	8	8	8.00	1	16|17|0	0.00	0.00	0.00	0.00	0.00	-49.26	0.48	0.54
ORF6-A549-Nt	O15355	PPM1G	4	4	4.00	1	4|5|0	0.00	0.00	0.00	0.00	0.00	-10.56	0.89	0.29
ORF6-A549-Nt	Q6ZWJ1	STXBP4	9	9	9.00	1	13|10|0	0.00	0.00	0.00	0.00	0.00	-28.15	0.78	0.43
ORF6-A549-Nt	Q86UE4	MTDH	26	26	26.00	1	21|20|0	0.00	0.00	0.00	0.00	0.00	-35.13	1.27	0.46
ORF6-A549-Nt	Q86UL3	GPAT4	5	5	5.00	1	0|0|0	1.00	1.00	1.00	1.00	1.00	8.88	50.00	0.00
ORF6-A549-Nt	Q9Y679	AUP1	40	40	40.00	1	4|4|0	1.00	1.00	1.00	1.00	1.00	34.45	10.00	0.00
ORF6-A549-Nt	Q5U5X0	LYRM7	4	4	4.00	1	0|0|0	1.00	1.00	1.00	1.00	1.00	7.19	40.00	0.00
ORF6-A549-Nt	Q3MJ13	WDR72	4	4	4.00	1	0|0|0	1.00	1.00	1.00	1.00	1.00	7.18	40.00	0.00
ORF6-A549-Nt	Q8WW59	SPRYD4	4	4	4.00	1	0|0|0	1.00	1.00	1.00	1.00	1.00	7.19	40.00	0.00
ORF6-A549-Nt	P00761	P00761	49	49	49.00	1	30|28|142	0.00	0.00	0.00	0.00	0.00	-239.19	0.57	0.54
ORF6-A549-Nt	P12763	AHSG	6	6	6.00	1	3|5|0	0.00	0.00	0.00	0.00	0.00	-5.94	1.50	0.19
ORF6-A549-Nt	Streptavidin	Streptavidin	154	154	154.00	1	227|110|44	0.00	0.00	0.00	0.00	0.00	-369.78	0.91	0.54
ORF6-A549-Nt	TurboID	TurboID	167	167	167.00	1	398|1241|0	0.00	0.00	0.00	0.00	0.00	-inf	0.20	0.54
ORF6-A549-Nt	YP_009724394.1	ORF6	0	0	0.00	1	0|0|0	0.00	0.00	0.00	0.00	0.00	-0.95	0.00	0.54
ORF6-A549-Nt	ENSEMBL:ENSBTAP00000016242	ENSEMBL:ENSBTAP00000016242	28	28	28.00	1	26|37|0	0.00	0.00	0.00	0.00	0.00	-70.82	0.89	0.51
ORF6-A549-Nt	P51587	BRCA2	59	59	59.00	1	15|6|0	1.00	1.00	1.00	1.00	1.00	8.55	5.62	0.00
ORF6-A549-Nt	P04150	NR3C1	12	12	12.00	1	32|30|0	0.00	0.00	0.00	0.00	0.00	-99.15	0.39	0.54
ORF6-A549-Nt	P19367	HK1	8	8	8.00	1	0|0|0	1.00	1.00	1.00	1.00	1.00	13.68	80.00	0.00
ORF6-A549-Nt	P35527	KRT9	89	89	89.00	1	30|24|34	1.00	1.00	1.00	1.00	1.00	9.04	2.78	0.00
ORF6-A549-Nt	P13645	KRT10	77	77	77.00	1	92|16|139	0.00	0.00	0.00	0.00	0.00	-301.53	0.67	0.54
ORF6-A549-Nt	P05783	KRT18	62	62	62.00	1	133|176|0	0.00	0.00	0.00	0.00	0.00	-488.25	0.40	0.54
ORF6-A549-Nt	P02533	KRT14	23	23	23.00	1	19|0|0	0.01	0.01	0.01	0.01	0.01	-4.77	2.42	0.16
ORF6-A549-Nt	Q01968	OCRL	32	32	32.00	1	21|20|0	0.00	0.00	0.00	0.00	0.00	-26.72	1.56	0.43
ORF6-A549-Nt	P05165	PCCA	268	268	268.00	1	106|142|396	0.00	0.00	0.00	0.00	0.00	-557.54	1.00	0.54
ORF6-A549-Nt	O95467	GNAS	3	3	3.00	1	0|0|0	1.00	1.00	1.00	1.00	1.00	5.46	30.00	0.00
ORF6-A549-Nt	P54277	PMS1	14	14	14.00	1	53|58|0	0.00	0.00	0.00	0.00	0.00	-196.52	0.25	0.54
ORF6-A549-Nt	P00352	ALDH1A1	28	28	28.00	1	24|24|9	0.00	0.00	0.00	0.00	0.00	-44.51	1.17	0.48
ORF6-A549-Nt	P05091	ALDH2	6	6	6.00	1	0|0|0	1.00	1.00	1.00	1.00	1.00	10.50	60.00	0.00
ORF6-A549-Nt	Q07973	CYP24A1	37	37	37.00	1	0|2|0	1.00	1.00	1.00	1.00	1.00	20.73	37.00	0.00
ORF6-A549-Nt	Q16850	CYP51A1	6	6	6.00	1	0|0|0	1.00	1.00	1.00	1.00	1.00	10.50	60.00	0.00
ORF6-A549-Nt	P31644	GABRA5	10	10	10.00	1	0|0|0	1.00	1.00	1.00	1.00	1.00	16.79	100.00	0.00
ORF6-A549-Nt	P22102	GART	5	5	5.00	1	13|9|0	0.00	0.00	0.00	0.00	0.00	-33.58	0.45	0.54
ORF6-A549-Nt	P39023	RPL3	12	12	12.00	1	3|3|0	0.99	0.99	0.99	0.99	0.99	4.88	4.00	0.00
ORF6-A549-Nt	P23396	RPS3	4	4	4.00	1	0|0|0	1.00	1.00	1.00	1.00	1.00	7.26	40.00	0.00
ORF6-A549-Nt	Q8N4H5	TOMM5	5	5	5.00	1	0|0|0	1.00	1.00	1.00	1.00	1.00	8.86	50.00	0.00
ORF6-A549-Nt	Q9ULD2	MTUS1	25	25	25.00	1	50|64|0	0.00	0.00	0.00	0.00	0.00	-175.45	0.44	0.54
ORF6-A549-Nt	P25705	ATP5F1A	18	18	18.00	1	0|0|0	1.00	1.00	1.00	1.00	1.00	28.84	180.00	0.00
ORF6-A549-Nt	Q9UK76	JPT1	6	6	6.00	1	15|18|0	0.00	0.00	0.00	0.00	0.00	-53.70	0.36	0.54
ORF6-A549-Nt	Q9H6J7	C11orf49	16	16	16.00	1	3|5|0	1.00	1.00	1.00	1.00	1.00	6.54	4.00	0.00
ORF6-A549-Nt	Q53GS7	GLE1	42	42	42.00	1	5|4|0	1.00	1.00	1.00	1.00	1.00	34.95	9.33	0.00
ORF6-A549-Nt	Q6STE5	SMARCD3	5	5	5.00	1	24|26|0	0.00	0.00	0.00	0.00	0.00	-92.10	0.20	0.54
ORF6-A549-Nt	Q9Y5V3	MAGED1	18	18	18.00	1	3|0|0	1.00	1.00	1.00	1.00	1.00	6.14	12.00	0.00
ORF6-A549-Nt	Q6UWE0	LRSAM1	5	5	5.00	1	8|11|0	0.00	0.00	0.00	0.00	0.00	-27.66	0.53	0.54
ORF6-A549-Nt	Q71DI3	H3C15	9	9	9.00	1	3|2|23	0.00	0.00	0.00	0.00	0.00	-32.47	0.69	0.54
ORF6-A549-Nt	P49757	NUMB	13	13	13.00	1	5|8|0	0.01	0.01	0.01	0.01	0.01	-4.93	2.00	0.16
ORF6-A549-Nt	Q96RT1	ERBIN	7	7	7.00	1	60|46|0	0.00	0.00	0.00	0.00	0.00	-206.73	0.13	0.54
ORF6-A549-Nt	O95249	GOSR1	39	39	39.00	1	0|0|0	1.00	1.00	1.00	1.00	1.00	59.44	390.00	0.00
ORF6-A549-Nt	Q13492	PICALM	38	38	38.00	1	19|17|0	0.00	0.00	0.00	0.00	0.00	-10.29	2.11	0.28
ORF6-A549-Nt	P62136	PPP1CA	2	2	2.00	1	0|0|0	0.97	0.97	0.97	0.97	0.97	3.62	20.00	0.00
ORF6-A549-Nt	Q96SN8	CDK5RAP2	15	15	15.00	1	0|0|0	1.00	1.00	1.00	1.00	1.00	24.39	150.00	0.00
ORF6-A549-Nt	Q5VU43	PDE4DIP	3	3	3.00	1	0|0|0	1.00	1.00	1.00	1.00	1.00	5.44	30.00	0.00
ORF6-A549-Nt	Q16594	TAF9	5	5	5.00	1	7|12|0	0.00	0.00	0.00	0.00	0.00	-27.63	0.53	0.54
ORF6-A549-Nt	Q4KMQ2	ANO6	40	40	40.00	1	3|5|0	1.00	1.00	1.00	1.00	1.00	34.43	10.00	0.00
ORF6-A549-Nt	P63010	AP2B1	4	4	4.00	1	8|7|0	0.00	0.00	0.00	0.00	0.00	-21.75	0.53	0.54
ORF6-A549-Nt	Q27J81	INF2	16	16	16.00	1	15|14|0	0.00	0.00	0.00	0.00	0.00	-28.40	1.10	0.44
ORF6-A549-Nt	Q86SQ4	ADGRG6	6	6	6.00	1	0|0|0	1.00	1.00	1.00	1.00	1.00	10.50	60.00	0.00
ORF6-A549-Nt	Q86TX2	ACOT1	60	60	60.00	1	6|10|0	1.00	1.00	1.00	1.00	1.00	44.17	7.50	0.00
ORF6-A549-Nt	P49753	ACOT2	49	49	49.00	1	0|0|0	1.00	1.00	1.00	1.00	1.00	73.78	490.00	0.00
ORF6-A549-Nt	Q9NRL3	STRN4	7	7	7.00	1	15|15|0	0.00	0.00	0.00	0.00	0.00	-45.35	0.47	0.54
ORF6-A549-Nt	Q13033	STRN3	4	4	4.00	1	12|15|0	0.00	0.00	0.00	0.00	0.00	-46.12	0.30	0.54
ORF6-A549-Nt	Q96T51	RUFY1	16	16	16.00	1	28|30|0	0.00	0.00	0.00	0.00	0.00	-82.51	0.55	0.54
ORF6-A549-Nt	Q6NTF9	RHBDD2	40	40	40.00	1	0|0|0	1.00	1.00	1.00	1.00	1.00	60.85	400.00	0.00
ORF6-A549-Nt	Q6FI13	H2AC18	4	4	4.00	1	3|4|0	0.00	0.00	0.00	0.00	0.00	-7.03	1.14	0.22
ORF6-A549-Nt	Q9NSV4	DIAPH3	13	13	13.00	1	12|9|0	0.00	0.00	0.00	0.00	0.00	-18.67	1.24	0.38
ORF6-A549-Nt	Q9P2E9	RRBP1	32	32	32.00	1	8|8|0	1.00	1.00	1.00	1.00	1.00	13.36	4.00	0.00
ORF6-A549-Nt	P55011	SLC12A2	22	22	22.00	1	0|3|0	1.00	1.00	1.00	1.00	1.00	7.48	14.67	0.00
ORF6-A549-Nt	Q8IYB5	SMAP1	3	3	3.00	1	3|6|0	0.00	0.00	0.00	0.00	0.00	-12.12	0.67	0.54
ORF6-A549-Nt	Q96S66	CLCC1	8	8	8.00	1	0|0|0	1.00	1.00	1.00	1.00	1.00	13.68	80.00	0.00
ORF6-A549-Nt	O94979	SEC31A	56	56	56.00	1	8|10|0	1.00	1.00	1.00	1.00	1.00	36.52	6.22	0.00
ORF6-A549-Nt	Q86UP2	KTN1	41	41	41.00	1	22|9|0	0.00	0.00	0.00	0.00	0.00	-6.06	2.65	0.19
ORF6-A549-Nt	Q9NX40	OCIAD1	27	27	27.00	1	6|4|0	1.00	1.00	1.00	1.00	1.00	15.74	5.40	0.00
ORF6-A549-Nt	Q13620	CUL4B	3	3	3.00	1	9|12|0	0.00	0.00	0.00	0.00	0.00	-36.06	0.29	0.54
ORF6-A549-Nt	P49023	PXN	5	5	5.00	1	12|14|0	0.00	0.00	0.00	0.00	0.00	-41.65	0.38	0.54
ORF6-A549-Nt	Q6YHU6	THADA	44	44	44.00	1	50|37|0	0.00	0.00	0.00	0.00	0.00	-89.76	1.01	0.52
ORF6-A549-Nt	O60716	CTNND1	11	11	11.00	1	26|32|0	0.00	0.00	0.00	0.00	0.00	-93.28	0.38	0.54
ORF6-A549-Nt	Q12979	ABR	5	5	5.00	1	15|13|0	0.00	0.00	0.00	0.00	0.00	-45.76	0.36	0.54
ORF6-A549-Nt	B7ZAQ6	GPR89A	11	11	11.00	1	0|0|0	1.00	1.00	1.00	1.00	1.00	18.33	110.00	0.00
ORF6-A549-Nt	P52597	HNRNPF	11	11	11.00	1	21|30|0	0.00	0.00	0.00	0.00	0.00	-78.88	0.43	0.54
ORF6-A549-Nt	P60709	ACTB	19	19	19.00	1	11|16|36	0.00	0.00	0.00	0.00	0.00	-64.42	0.73	0.54
ORF6-A549-Nt	P45974	USP5	10	10	10.00	1	20|24|0	0.00	0.00	0.00	0.00	0.00	-67.07	0.45	0.54
ORF6-A549-Nt	Q9NYM9	BET1L	15	15	15.00	1	0|0|0	1.00	1.00	1.00	1.00	1.00	24.38	150.00	0.00
ORF6-A549-Nt	Q9H019	MTFR1L	9	9	9.00	1	3|5|0	0.13	0.13	0.13	0.13	0.13	-1.88	2.25	0.08
ORF6-A549-Nt	Q6Y7W6	GIGYF2	26	26	26.00	1	39|31|0	0.00	0.00	0.00	0.00	0.00	-87.17	0.74	0.52
ORF6-A549-Nt	P21333	FLNA	137	137	137.00	1	328|381|0	0.00	0.00	0.00	0.00	0.00	-inf	0.39	0.54
ORF6-A549-Nt	O75369	FLNB	41	41	41.00	1	140|119|0	0.00	0.00	0.00	0.00	0.00	-436.49	0.32	0.54
ORF6-A549-Nt	P15311	EZR	44	44	44.00	1	61|68|0	0.00	0.00	0.00	0.00	0.00	-167.24	0.68	0.53
ORF6-A549-Nt	P26038	MSN	12	12	12.00	1	30|26|0	0.00	0.00	0.00	0.00	0.00	-86.89	0.43	0.54
ORF6-A549-Nt	P35241	RDX	13	13	13.00	1	31|32|0	0.00	0.00	0.00	0.00	0.00	-98.91	0.41	0.54
ORF6-A549-Nt	Q9UPQ0	LIMCH1	4	4	4.00	1	58|54|0	0.00	0.00	0.00	0.00	0.00	-230.99	0.07	0.54
ORF6-A549-Nt	Q9UK61	TASOR	15	15	15.00	1	15|7|0	0.00	0.00	0.00	0.00	0.00	-17.37	1.36	0.37
ORF6-A549-Nt	Q9UHD8	SEPTIN9	13	13	13.00	1	49|66|0	0.00	0.00	0.00	0.00	0.00	-207.46	0.23	0.54
ORF6-A549-Nt	A0MZ66	SHTN1	20	20	20.00	1	36|50|0	0.00	0.00	0.00	0.00	0.00	-129.70	0.47	0.54
ORF6-A549-Nt	Q9Y6I9	TEX264	12	12	12.00	1	0|0|0	1.00	1.00	1.00	1.00	1.00	19.86	120.00	0.00
ORF6-A549-Nt	P15170	GSPT1	33	33	33.00	1	52|73|0	0.00	0.00	0.00	0.00	0.00	-180.10	0.53	0.54
ORF6-A549-Nt	Q8IYD1	GSPT2	14	14	14.00	1	32|50|0	0.00	0.00	0.00	0.00	0.00	-135.05	0.34	0.54
ORF6-A549-Nt	P29692	EEF1D	13	13	13.00	1	23|25|0	0.00	0.00	0.00	0.00	0.00	-68.76	0.54	0.54
ORF6-A549-Nt	Q9Y6I3	EPN1	4	4	4.00	1	3|6|0	0.00	0.00	0.00	0.00	0.00	-10.54	0.89	0.29
ORF6-A549-Nt	O95208	EPN2	4	4	4.00	1	2|7|0	0.00	0.00	0.00	0.00	0.00	-10.21	0.89	0.28
ORF6-A549-Nt	Q07866	KLC1	19	19	19.00	1	31|22|0	0.00	0.00	0.00	0.00	0.00	-67.17	0.72	0.51
ORF6-A549-Nt	P46937	YAP1	3	3	3.00	1	27|32|0	0.00	0.00	0.00	0.00	0.00	-118.01	0.10	0.54
ORF6-A549-Nt	P28290	ITPRID2	106	106	106.00	1	28|21|0	1.00	1.00	1.00	1.00	1.00	50.25	4.33	0.00
ORF6-A549-Nt	Q86Y07	VRK2	28	28	28.00	1	3|0|0	1.00	1.00	1.00	1.00	1.00	9.52	18.67	0.00
ORF6-A549-Nt	Q5SNT2	TMEM201	9	9	9.00	1	0|0|0	1.00	1.00	1.00	1.00	1.00	15.25	90.00	0.00
ORF6-A549-Nt	O94901	SUN1	9	9	9.00	1	0|0|0	1.00	1.00	1.00	1.00	1.00	15.24	90.00	0.00
ORF6-A549-Nt	Q14203	DCTN1	7	7	7.00	1	4|3|0	0.05	0.05	0.06	0.06	0.06	-2.84	2.00	0.12
ORF6-A549-Nt	Q8NHV4	NEDD1	6	6	6.00	1	7|10|0	0.00	0.00	0.00	0.00	0.00	-21.92	0.71	0.40
ORF6-A549-Nt	Q13428	TCOF1	7	7	7.00	1	29|18|0	0.00	0.00	0.00	0.00	0.00	-79.92	0.30	0.54
ORF6-A549-Nt	O14966	RAB29	3	3	3.00	1	0|0|0	1.00	1.00	1.00	1.00	1.00	5.45	30.00	0.00
ORF6-A549-Nt	Q8NDI1	EHBP1	31	31	31.00	1	36|37|0	0.00	0.00	0.00	0.00	0.00	-84.49	0.85	0.52
ORF6-A549-Nt	Q9Y448	KNSTRN	4	4	4.00	1	0|3|0	0.49	0.49	0.49	0.49	0.49	-0.03	2.67	0.03
ORF6-A549-Nt	Q86SJ2	AMIGO2	4	4	4.00	1	0|0|0	1.00	1.00	1.00	1.00	1.00	7.18	40.00	0.00
ORF6-A549-Nt	Q9NYU1	UGGT2	3	3	3.00	1	0|0|0	1.00	1.00	1.00	1.00	1.00	5.44	30.00	0.00
ORF6-A549-Nt	P63241	EIF5A	5	5	5.00	1	2|3|0	0.10	0.10	0.11	0.11	0.11	-2.14	2.00	0.08
ORF6-A549-Nt	Q99623	PHB2	8	8	8.00	1	0|0|0	1.00	1.00	1.00	1.00	1.00	13.68	80.00	0.00
ORF6-A549-Nt	Q15233	NONO	15	15	15.00	1	41|60|0	0.00	0.00	0.00	0.00	0.00	-172.18	0.30	0.54
ORF6-A549-Nt	Q9UP95	SLC12A4	8	8	8.00	1	0|0|0	1.00	1.00	1.00	1.00	1.00	13.69	80.00	0.00
ORF6-A549-Nt	P05141	SLC25A5	26	26	26.00	1	0|4|0	1.00	1.00	1.00	1.00	1.00	6.57	13.00	0.00
ORF6-A549-Nt	P12236	SLC25A6	26	26	26.00	1	2|0|0	1.00	1.00	1.00	1.00	1.00	14.56	26.00	0.00
ORF6-A549-Nt	O00213	APBB1	14	14	14.00	1	9|10|0	0.00	0.00	0.00	0.00	0.00	-13.79	1.47	0.33
ORF6-A549-Nt	Q9UPQ9	TNRC6B	13	13	13.00	1	26|13|0	0.00	0.00	0.00	0.00	0.00	-50.71	0.67	0.54
ORF6-A549-Nt	Q96H55	MYO19	19	19	19.00	1	9|6|0	0.39	0.39	0.39	0.39	0.39	-0.44	2.53	0.04
ORF6-A549-Nt	Q562E7	WDR81	9	9	9.00	1	0|0|0	1.00	1.00	1.00	1.00	1.00	15.27	90.00	0.00
ORF6-A549-Nt	P00338	LDHA	19	19	19.00	1	8|10|0	0.00	0.00	0.01	0.01	0.01	-5.27	2.11	0.18
ORF6-A549-Nt	Q9BQ52	ELAC2	4	4	4.00	1	6|4|0	0.00	0.00	0.00	0.00	0.00	-12.30	0.80	0.31
ORF6-A549-Nt	Q92870	APBB2	4	4	4.00	1	0|0|0	1.00	1.00	1.00	1.00	1.00	7.19	40.00	0.00
ORF6-A549-Nt	Q9BVJ6	UTP14A	5	5	5.00	1	25|25|0	0.00	0.00	0.00	0.00	0.00	-92.08	0.20	0.54
ORF6-A549-Nt	Q99832	CCT7	4	4	4.00	1	4|3|0	0.00	0.00	0.00	0.00	0.00	-6.97	1.14	0.22
ORF6-A549-Nt	P34897	SHMT2	24	24	24.00	1	0|0|0	1.00	1.00	1.00	1.00	1.00	37.70	240.00	0.00
ORF6-A549-Nt	Q93052	LPP	5	5	5.00	1	27|30|0	0.00	0.00	0.00	0.00	0.00	-107.13	0.18	0.54
ORF6-A549-Nt	A3KN83	SBNO1	10	10	10.00	1	60|42|0	0.00	0.00	0.00	0.00	0.00	-188.33	0.20	0.54
ORF6-A549-Nt	O75044	SRGAP2	9	9	9.00	1	2|4|0	0.79	0.79	0.79	0.79	0.79	1.32	3.00	0.01
ORF6-A549-Nt	Q7Z6B7	SRGAP1	4	4	4.00	1	0|0|0	1.00	1.00	1.00	1.00	1.00	7.18	40.00	0.00
ORF6-A549-Nt	Q9Y4W2	LAS1L	3	3	3.00	1	7|6|0	0.00	0.00	0.00	0.00	0.00	-19.82	0.46	0.54
ORF6-A549-Nt	Q96LZ7	RMDN2	3	3	3.00	1	0|0|0	1.00	1.00	1.00	1.00	1.00	5.44	30.00	0.00
ORF6-A549-Nt	Q9NXE4	SMPD4	12	12	12.00	1	0|0|0	1.00	1.00	1.00	1.00	1.00	19.86	120.00	0.00
ORF6-A549-Nt	Q92859	NEO1	26	26	26.00	1	9|8|0	0.99	0.99	0.99	0.99	0.99	5.00	3.06	0.00
ORF6-A549-Nt	Q9NX02	NLRP2	19	19	19.00	1	34|32|0	0.00	0.00	0.00	0.00	0.00	-92.31	0.58	0.54
ORF6-A549-Nt	Q9H788	SH2D4A	6	6	6.00	1	16|15|0	0.00	0.00	0.00	0.00	0.00	-49.56	0.39	0.54
ORF6-A549-Nt	O60701	UGDH	9	9	9.00	1	9|12|0	0.00	0.00	0.00	0.00	0.00	-24.49	0.86	0.42
ORF6-A549-Nt	O75376	NCOR1	16	16	16.00	1	38|19|0	0.00	0.00	0.00	0.00	0.00	-79.74	0.56	0.54
ORF6-A549-Nt	Q9NVH0	EXD2	14	14	14.00	1	2|3|0	1.00	1.00	1.00	1.00	1.00	8.34	5.60	0.00
ORF6-A549-Nt	O00571	DDX3X	29	29	29.00	1	56|67|0	0.00	0.00	0.00	0.00	0.00	-185.01	0.47	0.54
ORF6-A549-Nt	O15523	DDX3Y	26	26	26.00	1	48|55|0	0.00	0.00	0.00	0.00	0.00	-151.33	0.50	0.54
ORF6-A549-Nt	P17844	DDX5	13	13	13.00	1	29|38|0	0.00	0.00	0.00	0.00	0.00	-107.07	0.39	0.54
ORF6-A549-Nt	Q6NXT4	SLC30A6	33	33	33.00	1	4|7|0	1.00	1.00	1.00	1.00	1.00	20.92	6.00	0.00
ORF6-A549-Nt	Q04637	EIF4G1	22	22	22.00	1	51|46|0	0.00	0.00	0.00	0.00	0.00	-147.85	0.45	0.54
ORF6-A549-Nt	O94986	CEP152	8	8	8.00	1	14|11|0	0.00	0.00	0.00	0.00	0.00	-33.56	0.64	0.54
ORF6-A549-Nt	Q14677	CLINT1	49	49	49.00	1	37|41|0	0.00	0.00	0.00	0.00	0.00	-67.04	1.26	0.51
ORF6-A549-Nt	Q16555	DPYSL2	20	20	20.00	1	40|42|0	0.00	0.00	0.00	0.00	0.00	-121.96	0.49	0.54
ORF6-A549-Nt	Q14194	CRMP1	3	3	3.00	1	0|0|0	1.00	1.00	1.00	1.00	1.00	5.44	30.00	0.00
ORF6-A549-Nt	Q86W92	PPFIBP1	7	7	7.00	1	18|13|0	0.00	0.00	0.00	0.00	0.00	-47.38	0.45	0.54
ORF6-A549-Nt	Q92844	TANK	10	10	10.00	1	13|16|0	0.00	0.00	0.00	0.00	0.00	-37.63	0.69	0.46
ORF6-A549-Nt	Q16719	KYNU	6	6	6.00	1	6|10|0	0.00	0.00	0.00	0.00	0.00	-20.08	0.75	0.39
ORF6-A549-Nt	P28331	NDUFS1	32	32	32.00	1	3|2|0	1.00	1.00	1.00	1.00	1.00	30.83	12.80	0.00
ORF6-A549-Nt	Q8NC67	NETO2	6	6	6.00	1	0|0|0	1.00	1.00	1.00	1.00	1.00	10.50	60.00	0.00
ORF6-A549-Nt	NP_001188408.1	CORO7-PAM16	12	12	12.00	1	0|0|0	1.00	1.00	1.00	1.00	1.00	19.85	120.00	0.00
ORF6-A549-Nt	Q06830	PRDX1	12	12	12.00	1	30|22|17	0.00	0.00	0.00	0.00	0.00	-78.84	0.46	0.54
ORF6-A549-Nt	P39880	CUX1	27	27	27.00	1	16|11|0	0.00	0.00	0.00	0.00	0.00	-9.82	2.00	0.27
ORF6-A549-Nt	P62491	RAB11A	10	10	10.00	1	0|0|0	1.00	1.00	1.00	1.00	1.00	16.80	100.00	0.00
ORF6-A549-Nt	O75122	CLASP2	3	3	3.00	1	15|8|0	0.00	0.00	0.00	0.00	0.00	-40.07	0.26	0.54
ORF6-A549-Nt	P53365	ARFIP2	6	6	6.00	1	3|5|0	0.00	0.00	0.00	0.00	0.00	-5.93	1.50	0.19
ORF6-A549-Nt	Q2KHT3	CLEC16A	4	4	4.00	1	0|0|0	1.00	1.00	1.00	1.00	1.00	7.18	40.00	0.00
ORF6-A549-Nt	Q9Y281	CFL2	3	3	3.00	1	0|0|0	1.00	1.00	1.00	1.00	1.00	5.44	30.00	0.00
ORF6-A549-Nt	O43399	TPD52L2	5	5	5.00	1	8|12|0	0.00	0.00	0.00	0.00	0.00	-29.59	0.50	0.54
ORF6-A549-Nt	Q8NEU8	APPL2	16	16	16.00	1	2|2|0	1.00	1.00	1.00	1.00	1.00	12.37	8.00	0.00
ORF6-A549-Nt	Q9Y4E8	USP15	5	5	5.00	1	18|16|0	0.00	0.00	0.00	0.00	0.00	-58.19	0.29	0.54
ORF6-A549-Nt	P42330	AKR1C3	17	17	17.00	1	16|24|0	0.00	0.00	0.00	0.00	0.00	-46.34	0.85	0.48
ORF6-A549-Nt	XP_003960901.1	LOC101060798	12	12	12.00	1	13|15|0	0.00	0.00	0.00	0.00	0.00	-32.50	0.86	0.45
ORF6-A549-Nt	Q9NP80	PNPLA8	8	8	8.00	1	0|0|0	1.00	1.00	1.00	1.00	1.00	13.68	80.00	0.00
ORF6-A549-Nt	NP_001243211.1	KRT8	116	116	116.00	1	90|106|0	0.00	0.00	0.00	0.00	0.00	-177.95	1.18	0.53
ORF6-A549-Nt	P08670	VIM	99	99	99.00	1	157|151|0	0.00	0.00	0.00	0.00	0.00	-410.10	0.64	0.54
ORF6-A549-Nt	P04264	KRT1	102	102	102.00	1	76|30|105	0.00	0.00	0.00	0.00	0.00	-171.33	1.13	0.53
ORF6-A549-Nt	P08729	KRT7	79	79	79.00	1	53|58|0	0.00	0.00	0.00	0.00	0.00	-82.26	1.42	0.52
ORF6-A549-Nt	P35908	KRT2	64	64	64.00	1	44|13|100	0.00	0.00	0.00	0.00	0.00	-160.34	0.89	0.53
ORF6-A549-Nt	P13647	KRT5	33	33	33.00	1	12|0|13	0.76	0.76	0.76	0.76	0.76	1.13	2.64	0.01
ORF6-A549-Nt	Q14533	KRT81	37	37	37.00	1	34|24|7	0.00	0.00	0.00	0.00	0.00	-49.24	1.28	0.49
ORF6-A549-Nt	P78386	KRT85	22	22	22.00	1	27|0|0	0.00	0.00	0.00	0.00	0.00	-16.32	1.63	0.36
ORF6-A549-Nt	Q14789	GOLGB1	112	112	112.00	1	48|34|0	0.00	0.00	0.00	0.00	0.00	-7.74	2.73	0.24
ORF6-A549-Nt	O15091	PRORP	25	25	25.00	1	0|0|0	1.00	1.00	1.00	1.00	1.00	39.13	250.00	0.00
ORF6-A549-Nt	Q96HA1	POM121	41	41	41.00	1	0|0|0	1.00	1.00	1.00	1.00	1.00	62.29	410.00	0.00
ORF6-A549-Nt	A8CG34	POM121C	41	41	41.00	1	3|2|0	1.00	1.00	1.00	1.00	1.00	42.78	16.40	0.00
ORF6-A549-Nt	Q9H4G0	EPB41L1	7	7	7.00	1	37|39|0	0.00	0.00	0.00	0.00	0.00	-141.95	0.18	0.54
ORF6-A549-Nt	O43491	EPB41L2	2	2	2.00	1	31|28|0	0.00	0.00	0.00	0.00	0.00	-121.74	0.07	0.54
ORF6-A549-Nt	Q9Y6M7	SLC4A7	16	16	16.00	1	6|3|0	0.99	0.99	0.99	0.99	0.99	5.11	3.56	0.00
ORF6-A549-Nt	Q99640	PKMYT1	4	4	4.00	1	0|0|0	1.00	1.00	1.00	1.00	1.00	7.19	40.00	0.00
ORF6-A549-Nt	Q9BXK5	BCL2L13	3	3	3.00	1	0|0|0	1.00	1.00	1.00	1.00	1.00	5.44	30.00	0.00
ORF6-A549-Nt	P53990	IST1	10	10	10.00	1	13|16|0	0.00	0.00	0.00	0.00	0.00	-37.66	0.69	0.46
ORF6-A549-Nt	P61923	COPZ1	6	6	6.00	1	0|3|0	0.80	0.80	0.80	0.80	0.80	1.39	4.00	0.01
ORF6-A549-Nt	O00203	AP3B1	26	26	26.00	1	31|29|0	0.00	0.00	0.00	0.00	0.00	-68.69	0.87	0.51
ORF6-A549-Nt	P08238	HSP90AB1	46	46	46.00	1	33|33|5	0.00	0.00	0.00	0.00	0.00	-50.34	1.39	0.49
ORF6-A549-Nt	P07900	HSP90AA1	38	38	38.00	1	23|21|0	0.00	0.00	0.00	0.00	0.00	-23.58	1.73	0.41
ORF6-A549-Nt	Q96N67	DOCK7	21	21	21.00	1	22|12|0	0.00	0.00	0.00	0.00	0.00	-29.69	1.24	0.44
ORF6-A549-Nt	Q14839	CHD4	5	5	5.00	1	39|25|0	0.00	0.00	0.00	0.00	0.00	-121.78	0.16	0.54
ORF6-A549-Nt	P33240	CSTF2	6	6	6.00	1	29|28|0	0.00	0.00	0.00	0.00	0.00	-104.15	0.21	0.54
ORF6-A549-Nt	P68104	EEF1A1	23	23	23.00	1	19|21|19	0.00	0.00	0.00	0.00	0.00	-37.57	1.15	0.46
ORF6-A549-Nt	P06733	ENO1	6	6	6.00	1	9|10|0	0.00	0.00	0.00	0.00	0.00	-25.69	0.63	0.54
ORF6-A549-Nt	P50395	GDI2	3	3	3.00	1	0|2|0	0.57	0.57	0.57	0.57	0.57	0.29	3.00	0.02
ORF6-A549-Nt	Q09666	AHNAK	453	453	453.00	1	1093|916|0	0.00	0.00	0.00	0.00	0.00	-inf	0.45	0.54
ORF6-A549-Nt	P48444	ARCN1	62	62	62.00	1	19|16|0	1.00	1.00	1.00	1.00	1.00	20.58	3.54	0.00
ORF6-A549-Nt	P36404	ARL2	4	4	4.00	1	6|8|0	0.00	0.00	0.00	0.00	0.00	-19.82	0.57	0.54
ORF6-A549-Nt	P16615	ATP2A2	9	9	9.00	1	0|0|0	1.00	1.00	1.00	1.00	1.00	15.24	90.00	0.00
ORF6-A549-Nt	Q03135	CAV1	18	18	18.00	1	4|5|0	1.00	1.00	1.00	1.00	1.00	7.40	4.00	0.00
ORF6-A549-Nt	P40227	CCT6A	21	21	21.00	1	22|30|0	0.00	0.00	0.00	0.00	0.00	-61.99	0.81	0.50
ORF6-A549-Nt	P17812	CTPS1	5	5	5.00	1	13|15|0	0.00	0.00	0.00	0.00	0.00	-45.76	0.36	0.54
ORF6-A549-Nt	P00167	CYB5A	4	4	4.00	1	0|0|0	1.00	1.00	1.00	1.00	1.00	7.18	40.00	0.00
ORF6-A549-Nt	P04406	GAPDH	7	7	7.00	1	3|6|0	0.00	0.00	0.00	0.00	0.00	-6.19	1.56	0.20
ORF6-A549-Nt	P09651	HNRNPA1	16	16	16.00	1	16|32|0	0.00	0.00	0.00	0.00	0.00	-62.20	0.67	0.54
ORF6-A549-Nt	P61604	HSPE1	14	14	14.00	1	0|0|0	1.00	1.00	1.00	1.00	1.00	22.90	140.00	0.00
ORF6-A549-Nt	P05556	ITGB1	56	56	56.00	1	15|14|0	1.00	1.00	1.00	1.00	1.00	22.25	3.86	0.00
ORF6-A549-Nt	Q14573	ITPR3	7	7	7.00	1	0|0|0	1.00	1.00	1.00	1.00	1.00	12.14	70.00	0.00
ORF6-A549-Nt	P14923	JUP	6	6	6.00	1	17|16|0	0.00	0.00	0.00	0.00	0.00	-53.67	0.36	0.54
ORF6-A549-Nt	O00505	KPNA3	13	13	13.00	1	6|12|0	0.00	0.00	0.00	0.00	0.00	-13.37	1.44	0.33
ORF6-A549-Nt	Q92973	TNPO1	49	49	49.00	1	39|37|0	0.00	0.00	0.00	0.00	0.00	-63.55	1.29	0.51
ORF6-A549-Nt	O75581	LRP6	8	8	8.00	1	0|0|0	1.00	1.00	1.00	1.00	1.00	13.71	80.00	0.00
ORF6-A549-Nt	P27816	MAP4	123	123	123.00	1	303|277|0	0.00	0.00	0.00	0.00	0.00	-inf	0.42	0.54
ORF6-A549-Nt	P35579	MYH9	11	11	11.00	1	120|93|0	0.00	0.00	0.00	0.00	0.00	-426.53	0.10	0.54
ORF6-A549-Nt	P06748	NPM1	13	13	13.00	1	18|15|0	0.00	0.00	0.00	0.00	0.00	-39.84	0.79	0.47
ORF6-A549-Nt	P11940	PABPC1	6	6	6.00	1	19|18|0	0.00	0.00	0.00	0.00	0.00	-61.90	0.32	0.54
ORF6-A549-Nt	Q13177	PAK2	23	23	23.00	1	48|53|0	0.00	0.00	0.00	0.00	0.00	-153.72	0.46	0.54
ORF6-A549-Nt	Q01813	PFKP	3	3	3.00	1	9|8|0	0.00	0.00	0.00	0.00	0.00	-27.89	0.35	0.54
ORF6-A549-Nt	O00443	PIK3C2A	80	80	80.00	1	34|30|0	0.11	0.11	0.11	0.11	0.11	-2.10	2.50	0.08
ORF6-A549-Nt	P14618	PKM	44	44	44.00	1	26|39|39	0.00	0.00	0.00	0.00	0.00	-74.14	1.13	0.51
ORF6-A549-Nt	Q16512	PKN1	29	29	29.00	1	27|22|0	0.00	0.00	0.00	0.00	0.00	-44.83	1.18	0.48
ORF6-A549-Nt	P28288	ABCD3	70	70	70.00	1	4|5|0	1.00	1.00	1.00	1.00	1.00	71.19	15.56	0.00
ORF6-A549-Nt	P14678	SNRPB	8	8	8.00	1	14|19|0	0.00	0.00	0.00	0.00	0.00	-49.28	0.48	0.54
ORF6-A549-Nt	Q13596	SNX1	14	14	14.00	1	21|24|0	0.00	0.00	0.00	0.00	0.00	-61.01	0.62	0.54
ORF6-A549-Nt	P61011	SRP54	30	30	30.00	1	36|43|0	0.00	0.00	0.00	0.00	0.00	-97.22	0.76	0.52
ORF6-A549-Nt	P08240	SRPRA	46	46	46.00	1	21|23|0	0.00	0.00	0.00	0.00	0.00	-13.11	2.09	0.33
ORF6-A549-Nt	Q13190	STX5	36	36	36.00	1	4|4|0	1.00	1.00	1.00	1.00	1.00	29.46	9.00	0.00
ORF6-A549-Nt	Q99081	TCF12	5	5	5.00	1	20|22|0	0.00	0.00	0.00	0.00	0.00	-75.04	0.24	0.54
ORF6-A549-Nt	Q07157	TJP1	27	27	27.00	1	129|105|0	0.00	0.00	0.00	0.00	0.00	-421.24	0.23	0.54
ORF6-A549-Nt	P42166	TMPO	150	150	150.00	1	48|54|0	1.00	1.00	1.00	1.00	1.00	24.57	2.94	0.00
ORF6-A549-Nt	Q01650	SLC7A5	6	6	6.00	1	2|0|0	0.92	0.92	0.92	0.92	0.92	2.45	6.00	0.01
ORF6-A549-Nt	P23527	H2BC17	15	15	15.00	1	0|0|0	1.00	1.00	1.00	1.00	1.00	24.38	150.00	0.00
ORF6-A549-Nt	Q5QNW6	H2BC18	16	16	16.00	1	6|7|0	0.26	0.26	0.26	0.26	0.26	-1.06	2.46	0.07
ORF6-A549-Nt	P37802	TAGLN2	37	37	37.00	1	52|55|0	0.00	0.00	0.00	0.00	0.00	-137.84	0.69	0.53
ORF6-A549-Nt	O60493	SNX3	2	2	2.00	1	0|2|0	0.30	0.30	0.31	0.31	0.31	-0.82	2.00	0.04
ORF6-A549-Nt	O94763	URI1	6	6	6.00	1	11|16|0	0.00	0.00	0.00	0.00	0.00	-41.48	0.44	0.54
ORF6-A549-Nt	O15056	SYNJ2	22	22	22.00	1	52|45|0	0.00	0.00	0.00	0.00	0.00	-147.85	0.45	0.54
ORF6-A549-Nt	Q13501	SQSTM1	28	28	28.00	1	18|17|0	0.00	0.00	0.00	0.00	0.00	-21.94	1.60	0.40
ORF6-A549-Nt	O60271	SPAG9	63	63	63.00	1	73|78|0	0.00	0.00	0.00	0.00	0.00	-176.14	0.83	0.53
ORF6-A549-Nt	Q99650	OSMR	18	18	18.00	1	0|0|0	1.00	1.00	1.00	1.00	1.00	28.84	180.00	0.00
ORF6-A549-Nt	P27105	STOM	25	25	25.00	1	0|0|0	1.00	1.00	1.00	1.00	1.00	39.16	250.00	0.00
ORF6-A549-Nt	P62820	RAB1A	17	17	17.00	1	0|4|0	0.99	0.99	0.99	0.99	0.99	4.27	8.50	0.00
ORF6-A549-Nt	Q9H0U4	RAB1B	15	15	15.00	1	0|0|0	1.00	1.00	1.00	1.00	1.00	24.40	150.00	0.00
ORF6-A549-Nt	P61026	RAB10	12	12	12.00	1	3|5|0	0.87	0.87	0.87	0.87	0.87	1.90	3.00	0.01
ORF6-A549-Nt	O14653	GOSR2	6	6	6.00	1	0|0|0	1.00	1.00	1.00	1.00	1.00	10.50	60.00	0.00
ORF6-A549-Nt	Q99439	CNN2	7	7	7.00	1	11|16|0	0.00	0.00	0.00	0.00	0.00	-39.43	0.52	0.54
ORF6-A549-Nt	O14641	DVL2	21	21	21.00	1	23|25|0	0.00	0.00	0.00	0.00	0.00	-54.71	0.88	0.50
ORF6-A549-Nt	P29317	EPHA2	10	10	10.00	1	0|0|0	1.00	1.00	1.00	1.00	1.00	16.81	100.00	0.00
ORF6-A549-Nt	O95573	ACSL3	4	4	4.00	1	0|0|0	1.00	1.00	1.00	1.00	1.00	7.18	40.00	0.00
ORF6-A549-Nt	P33176	KIF5B	14	14	14.00	1	25|20|0	0.00	0.00	0.00	0.00	0.00	-61.02	0.62	0.54
ORF6-A549-Nt	O95793	STAU1	14	14	14.00	1	24|36|0	0.00	0.00	0.00	0.00	0.00	-90.14	0.47	0.54
ORF6-A549-Nt	Q9NUL3	STAU2	8	8	8.00	1	22|29|0	0.00	0.00	0.00	0.00	0.00	-86.09	0.31	0.54
ORF6-A549-Nt	O95292	VAPB	15	15	15.00	1	0|3|0	0.99	0.99	0.99	0.99	0.99	5.06	10.00	0.00
ORF6-A549-Nt	Q92797	SYMPK	36	36	36.00	1	124|106|0	0.00	0.00	0.00	0.00	0.00	-388.73	0.31	0.54
ORF6-A549-Nt	P47756	CAPZB	4	4	4.00	1	7|13|0	0.00	0.00	0.00	0.00	0.00	-31.52	0.40	0.54
ORF6-A549-Nt	Q12965	MYO1E	4	4	4.00	1	20|17|0	0.00	0.00	0.00	0.00	0.00	-67.21	0.22	0.54
ORF6-A549-Nt	P07737	PFN1	7	7	7.00	1	8|6|8	0.00	0.00	0.00	0.00	0.00	-18.53	0.88	0.54
ORF6-A549-Nt	P00533	EGFR	16	16	16.00	1	17|17|0	0.00	0.00	0.00	0.00	0.00	-36.90	0.94	0.46
ORF6-A549-Nt	P04626	ERBB2	2	2	2.00	1	0|0|0	0.97	0.97	0.97	0.97	0.97	3.62	20.00	0.00
ORF6-A549-Nt	Q14247	CTTN	57	57	57.00	1	87|95|0	0.00	0.00	0.00	0.00	0.00	-245.24	0.63	0.54
ORF6-A549-Nt	Q14517	FAT1	14	14	14.00	1	0|0|0	1.00	1.00	1.00	1.00	1.00	22.87	140.00	0.00
ORF6-A549-Nt	P16403	H1-2	8	8	8.00	1	0|0|6	0.41	0.41	0.41	0.41	0.41	-0.37	2.67	0.04
ORF6-A549-Nt	Q00341	HDLBP	9	9	9.00	1	50|45|0	0.00	0.00	0.00	0.00	0.00	-176.75	0.19	0.54
ORF6-A549-Nt	P11021	HSPA5	38	38	38.00	1	24|25|0	0.00	0.00	0.00	0.00	0.00	-32.15	1.55	0.45
ORF6-A549-Nt	P12931	SRC	3	3	3.00	1	0|3|0	0.26	0.26	0.26	0.26	0.26	-1.03	2.00	0.06
ORF6-A549-Nt	Q14004	CDK13	5	5	5.00	1	11|11|0	0.00	0.00	0.00	0.00	0.00	-33.58	0.45	0.54
ORF6-A549-Nt	P06493	CDK1	4	4	4.00	1	4|8|0	0.00	0.00	0.00	0.00	0.00	-15.93	0.67	0.54
ORF6-A549-Nt	Q16666	IFI16	55	55	55.00	1	31|38|0	0.00	0.00	0.00	0.00	0.00	-43.08	1.59	0.48
ORF6-A549-Nt	P49959	MRE11	9	9	9.00	1	19|20|0	0.00	0.00	0.00	0.00	0.00	-59.14	0.46	0.54
ORF6-A549-Nt	O00429	DNM1L	89	89	89.00	1	40|46|0	0.00	0.00	0.00	0.00	0.00	-26.37	2.07	0.43
ORF6-A549-Nt	Q08378	GOLGA3	113	113	113.00	1	63|37|0	0.00	0.00	0.00	0.00	0.00	-35.99	2.26	0.46
ORF6-A549-Nt	P33993	MCM7	12	12	12.00	1	3|5|0	0.87	0.87	0.87	0.87	0.87	1.94	3.00	0.01
ORF6-A549-Nt	P49368	CCT3	43	43	43.00	1	15|13|0	1.00	1.00	1.00	1.00	1.00	8.69	3.07	0.00
ORF6-A549-Nt	Q14847	LASP1	19	19	19.00	1	27|28|0	0.00	0.00	0.00	0.00	0.00	-71.05	0.69	0.51
ORF6-A549-Nt	Q15365	PCBP1	20	20	20.00	1	33|36|0	0.00	0.00	0.00	0.00	0.00	-96.21	0.58	0.54
ORF6-A549-Nt	Q15366	PCBP2	15	15	15.00	1	15|20|0	0.00	0.00	0.00	0.00	0.00	-40.51	0.86	0.47
ORF6-A549-Nt	Q15154	PCM1	94	94	94.00	1	12|10|0	1.00	1.00	1.00	1.00	1.00	74.55	8.55	0.00
ORF6-A549-Nt	P49792	RANBP2	56	56	56.00	1	101|69|0	0.00	0.00	0.00	0.00	0.00	-223.13	0.66	0.54
ORF6-A549-Nt	Q99666	RGPD5	21	21	21.00	1	36|21|0	0.00	0.00	0.00	0.00	0.00	-70.79	0.74	0.51
ORF6-A549-Nt	O75410	TACC1	42	42	42.00	1	16|25|0	0.00	0.00	0.00	0.00	0.00	-15.83	2.05	0.35
ORF6-A549-Nt	Q9Y490	TLN1	24	24	24.00	1	83|69|0	0.00	0.00	0.00	0.00	0.00	-256.33	0.32	0.54
ORF6-A549-Nt	Q14683	SMC1A	10	10	10.00	1	4|3|0	0.73	0.73	0.74	0.74	0.74	1.03	2.86	0.01
ORF6-A549-Nt	Q96PK6	RBM14	7	7	7.00	1	20|20|0	0.00	0.00	0.00	0.00	0.00	-65.72	0.35	0.54
ORF6-A549-Nt	Q9UBU9	NXF1	29	29	29.00	1	3|6|0	1.00	1.00	1.00	1.00	1.00	19.67	6.44	0.00
ORF6-A549-Nt	O15397	IPO8	3	3	3.00	1	0|0|0	1.00	1.00	1.00	1.00	1.00	5.44	30.00	0.00
ORF6-A549-Nt	P78371	CCT2	30	30	30.00	1	26|27|0	0.00	0.00	0.00	0.00	0.00	-50.33	1.13	0.49
ORF6-A549-Nt	Q96HC4	PDLIM5	5	5	5.00	1	20|21|0	0.00	0.00	0.00	0.00	0.00	-72.93	0.24	0.54
ORF6-A549-Nt	Q9BUI4	POLR3C	7	7	7.00	1	0|0|0	1.00	1.00	1.00	1.00	1.00	12.10	70.00	0.00
ORF6-A549-Nt	P11142	HSPA8	90	90	90.00	1	61|72|29	0.00	0.00	0.00	0.00	0.00	-104.88	1.35	0.52
ORF6-A549-Nt	P0DMV8	HSPA1A	41	41	41.00	1	24|27|0	0.00	0.00	0.00	0.00	0.00	-31.51	1.61	0.45
ORF6-A549-Nt	O43865	AHCYL1	7	7	7.00	1	7|10|0	0.00	0.00	0.00	0.00	0.00	-20.34	0.82	0.39
ORF6-A549-Nt	Q92598	HSPH1	24	24	24.00	1	31|28|0	0.00	0.00	0.00	0.00	0.00	-70.03	0.81	0.51
ORF6-A549-Nt	P34932	HSPA4	4	4	4.00	1	7|11|0	0.00	0.00	0.00	0.00	0.00	-27.64	0.44	0.54
ORF6-A549-Nt	Q12802	AKAP13	14	14	14.00	1	60|52|0	0.00	0.00	0.00	0.00	0.00	-198.65	0.25	0.54
ORF6-A549-Nt	Q8N3C0	ASCC3	65	65	65.00	1	85|75|0	0.00	0.00	0.00	0.00	0.00	-189.46	0.81	0.53
ORF6-A549-Nt	P78527	PRKDC	32	32	32.00	1	6|2|0	1.00	1.00	1.00	1.00	1.00	12.07	8.00	0.00
ORF6-A549-Nt	O14802	POLR3A	6	6	6.00	1	3|4|0	0.01	0.01	0.02	0.02	0.02	-4.18	1.71	0.15
ORF6-A549-Nt	O75717	WDHD1	3	3	3.00	1	15|16|0	0.00	0.00	0.00	0.00	0.00	-57.28	0.19	0.54
ORF6-A549-Nt	Q9UMZ2	SYNRG	110	110	110.00	1	102|101|0	0.00	0.00	0.00	0.00	0.00	-198.74	1.08	0.53
ORF6-A549-Nt	P38398	BRCA1	56	56	56.00	1	27|20|0	0.10	0.10	0.10	0.10	0.10	-2.15	2.38	0.09
ORF6-A549-Nt	Q9UPM8	AP4E1	47	47	47.00	1	32|21|0	0.00	0.00	0.00	0.00	0.00	-28.89	1.77	0.44
ORF6-A549-Nt	Q15042	RAB3GAP1	13	13	13.00	1	0|2|0	1.00	1.00	1.00	1.00	1.00	6.89	13.00	0.00
ORF6-A549-Nt	O75533	SF3B1	144	144	144.00	1	129|130|0	0.00	0.00	0.00	0.00	0.00	-248.13	1.11	0.53
ORF6-A549-Nt	Q9UHN6	CEMIP2	54	54	54.00	1	6|8|0	1.00	1.00	1.00	1.00	1.00	40.43	7.71	0.00
ORF6-A549-Nt	Q8TBN0	RAB3IL1	3	3	3.00	1	13|18|0	0.00	0.00	0.00	0.00	0.00	-57.29	0.19	0.54
ORF6-A549-Nt	Q9NZM1	MYOF	113	113	113.00	1	45|28|0	0.03	0.03	0.03	0.03	0.03	-3.47	3.10	0.12
ORF6-A549-Nt	Q9UQN3	CHMP2B	7	7	7.00	1	4|8|0	0.00	0.00	0.00	0.00	0.00	-11.44	1.17	0.30
ORF6-A549-Nt	Q53FV1	ORMDL2	3	3	3.00	1	0|0|0	1.00	1.00	1.00	1.00	1.00	5.44	30.00	0.00
ORF6-A549-Nt	Q9UHB9	SRP68	33	33	33.00	1	28|38|0	0.00	0.00	0.00	0.00	0.00	-68.82	1.00	0.51
ORF6-A549-Nt	Q9Y2U8	LEMD3	97	97	97.00	1	9|12|0	1.00	1.00	1.00	1.00	1.00	79.85	9.24	0.00
ORF6-A549-Nt	Q9Y283	INVS	12	12	12.00	1	15|12|0	0.00	0.00	0.00	0.00	0.00	-30.70	0.89	0.44
ORF6-A549-Nt	O75575	CRCP	13	13	13.00	1	12|12|0	0.00	0.00	0.00	0.00	0.00	-23.92	1.08	0.41
ORF6-A549-Nt	Q9NYL9	TMOD3	28	28	28.00	1	44|49|0	0.00	0.00	0.00	0.00	0.00	-127.59	0.60	0.54
ORF6-A549-Nt	Q9UNF1	MAGED2	5	5	5.00	1	9|12|0	0.00	0.00	0.00	0.00	0.00	-31.58	0.48	0.54
ORF6-A549-Nt	Q8N1F7	NUP93	20	20	20.00	1	3|5|0	1.00	1.00	1.00	1.00	1.00	10.85	5.00	0.00
ORF6-A549-Nt	Q6P996	PDXDC1	74	74	74.00	1	10|11|0	1.00	1.00	1.00	1.00	1.00	52.42	7.05	0.00
ORF6-A549-Nt	A0JNW5	UHRF1BP1L	21	21	21.00	1	38|31|0	0.00	0.00	0.00	0.00	0.00	-94.31	0.61	0.54
ORF6-A549-Nt	O15084	ANKRD28	9	9	9.00	1	28|22|0	0.00	0.00	0.00	0.00	0.00	-81.53	0.36	0.54
ORF6-A549-Nt	Q9BSJ8	ESYT1	67	67	67.00	1	12|11|0	1.00	1.00	1.00	1.00	1.00	41.63	5.83	0.00
ORF6-A549-Nt	Q9H8Y8	GORASP2	33	33	33.00	1	0|0|0	1.00	1.00	1.00	1.00	1.00	50.79	330.00	0.00
ORF6-A549-Nt	P0CAP1	MYZAP	5	5	5.00	1	9|10|0	0.00	0.00	0.00	0.00	0.00	-27.65	0.53	0.54
ORF6-A549-Nt	Q9NRG9	AAAS	9	9	9.00	1	0|0|0	1.00	1.00	1.00	1.00	1.00	15.26	90.00	0.00
ORF6-A549-Nt	Q9UNH6	SNX7	5	5	5.00	1	5|6|0	0.00	0.00	0.00	0.00	0.00	-12.64	0.91	0.32
ORF6-A549-Nt	Q8WVT3	TRAPPC12	7	7	7.00	1	8|5|0	0.00	0.00	0.00	0.00	0.00	-13.26	1.08	0.33
ORF6-A549-Nt	Q8WVM8	SCFD1	29	29	29.00	1	7|6|0	1.00	1.00	1.00	1.00	1.00	14.07	4.46	0.00
ORF6-A549-Nt	Q9UJX4	ANAPC5	13	13	13.00	1	0|0|0	1.00	1.00	1.00	1.00	1.00	21.36	130.00	0.00
ORF6-A549-Nt	Q9NR09	BIRC6	300	300	300.00	1	5|6|0	1.00	1.00	1.00	1.00	1.00	382.37	54.55	0.00
ORF6-A549-Nt	P52948	NUP98	195	195	195.00	1	41|32|0	1.00	1.00	1.00	1.00	1.00	137.15	5.34	0.00
ORF6-A549-Nt	Q9NZC7	WWOX	31	31	31.00	1	0|0|0	1.00	1.00	1.00	1.00	1.00	47.89	310.00	0.00
ORF6-A549-Nt	Q96SZ6	CDK5RAP1	11	11	11.00	1	0|0|0	1.00	1.00	1.00	1.00	1.00	18.33	110.00	0.00
ORF6-A549-Nt	Q7Z4H7	HAUS6	82	82	82.00	1	60|56|0	0.00	0.00	0.00	0.00	0.00	-86.66	1.41	0.52
ORF6-A549-Nt	Q7Z7G8	VPS13B	31	31	31.00	1	0|0|0	1.00	1.00	1.00	1.00	1.00	47.85	310.00	0.00
ORF6-A549-Nt	Q9NV66	TYW1	7	7	7.00	1	0|0|0	1.00	1.00	1.00	1.00	1.00	12.10	70.00	0.00
ORF6-A549-Nt	Q9H920	RNF121	9	9	9.00	1	4|4|0	0.13	0.13	0.13	0.13	0.13	-1.90	2.25	0.08
ORF6-A549-Nt	Q9NUU7	DDX19A	17	17	17.00	1	0|0|0	1.00	1.00	1.00	1.00	1.00	27.35	170.00	0.00
ORF6-A549-Nt	Q8IUH4	ZDHHC13	5	5	5.00	1	0|0|0	1.00	1.00	1.00	1.00	1.00	8.86	50.00	0.00
ORF6-A549-Nt	Q7Z2W4	ZC3HAV1	74	74	74.00	1	45|43|0	0.00	0.00	0.00	0.00	0.00	-49.69	1.68	0.49
ORF6-A549-Nt	Q4V328	GRIPAP1	4	4	4.00	1	24|18|0	0.00	0.00	0.00	0.00	0.00	-77.91	0.19	0.54
ORF6-A549-Nt	O60218	AKR1B10	18	18	18.00	1	9|20|0	0.00	0.00	0.00	0.00	0.00	-25.07	1.24	0.42
ORF6-A549-Nt	C9JRZ8	AKR1B15	6	6	6.00	1	0|8|0	0.01	0.01	0.01	0.01	0.01	-5.06	1.50	0.17
ORF6-A549-Nt	Q9NQC3	RTN4	27	27	27.00	1	23|23|0	0.00	0.00	0.00	0.00	0.00	-42.41	1.17	0.48
ORF6-A549-Nt	Q9P246	STIM2	7	7	7.00	1	0|0|0	1.00	1.00	1.00	1.00	1.00	12.10	70.00	0.00
ORF6-A549-Nt	P60660	MYL6	8	8	8.00	1	11|10|0	0.00	0.00	0.00	0.00	0.00	-26.07	0.76	0.43
ORF6-A549-Nt	Q9HBF4	ZFYVE1	9	9	9.00	1	19|15|0	0.00	0.00	0.00	0.00	0.00	-49.20	0.53	0.54
ORF6-A549-Nt	Q96A65	EXOC4	25	25	25.00	1	37|46|0	0.00	0.00	0.00	0.00	0.00	-113.86	0.60	0.54
ORF6-A549-Nt	O95486	SEC24A	99	99	99.00	1	7|5|0	1.00	1.00	1.00	1.00	1.00	102.12	16.50	0.00
ORF6-A549-Nt	Q9H1A4	ANAPC1	38	38	38.00	1	16|13|0	0.74	0.74	0.74	0.74	0.74	1.03	2.62	0.01
ORF6-A549-Nt	Q68CZ2	TNS3	39	39	39.00	1	76|73|0	0.00	0.00	0.00	0.00	0.00	-215.95	0.52	0.54
ORF6-A549-Nt	Q96N66	MBOAT7	8	8	8.00	1	0|0|0	1.00	1.00	1.00	1.00	1.00	13.68	80.00	0.00
ORF6-A549-Nt	Q96C19	EFHD2	7	7	7.00	1	21|22|0	0.00	0.00	0.00	0.00	0.00	-71.95	0.33	0.54
ORF6-A549-Nt	Q9H6T3	RPAP3	30	30	30.00	1	35|47|0	0.00	0.00	0.00	0.00	0.00	-102.65	0.73	0.52
ORF6-A549-Nt	Q96L93	KIF16B	64	64	64.00	1	31|21|0	0.00	0.00	0.00	0.00	0.00	-8.98	2.46	0.26
ORF6-A549-Nt	Q9BVG8	KIFC3	36	36	36.00	1	16|17|0	0.00	0.00	0.00	0.00	0.00	-7.97	2.18	0.24
ORF6-A549-Nt	Q9NQT8	KIF13B	6	6	6.00	1	0|4|0	0.60	0.60	0.60	0.60	0.60	0.40	3.00	0.02
ORF6-A549-Nt	Q9Y496	KIF3A	2	2	2.00	1	3|2|0	0.00	0.00	0.00	0.00	0.00	-6.43	0.80	0.20
ORF6-A549-Nt	Q3YEC7	RABL6	19	19	19.00	1	3|4|0	1.00	1.00	1.00	1.00	1.00	11.08	5.43	0.00
ORF6-A549-Nt	Q9Y3Q8	TSC22D4	4	4	4.00	1	4|7|0	0.00	0.00	0.00	0.00	0.00	-14.17	0.73	0.34
ORF6-A549-Nt	O75179	ANKRD17	7	7	7.00	1	22|16|0	0.00	0.00	0.00	0.00	0.00	-61.62	0.37	0.54
ORF6-A549-Nt	Q8IWZ3	ANKHD1	8	8	8.00	1	28|22|0	0.00	0.00	0.00	0.00	0.00	-84.01	0.32	0.54
ORF6-A549-Nt	Q9Y617	PSAT1	6	6	6.00	1	8|10|0	0.00	0.00	0.00	0.00	0.00	-23.84	0.67	0.54
ORF6-A549-Nt	P42704	LRPPRC	40	40	40.00	1	0|0|0	1.00	1.00	1.00	1.00	1.00	60.86	400.00	0.00
ORF6-A549-Nt	O75882	ATRN	6	6	6.00	1	0|0|0	1.00	1.00	1.00	1.00	1.00	10.50	60.00	0.00
ORF6-A549-Nt	Q7L592	NDUFAF7	56	56	56.00	1	0|0|0	1.00	1.00	1.00	1.00	1.00	83.79	560.00	0.00
ORF6-A549-Nt	Q96M89	CCDC138	24	24	24.00	1	0|0|0	1.00	1.00	1.00	1.00	1.00	37.69	240.00	0.00
ORF6-A549-Nt	O15061	SYNM	21	21	21.00	1	51|38|0	0.00	0.00	0.00	0.00	0.00	-133.68	0.47	0.54
ORF6-A549-Nt	Q8NEZ2	VPS37A	18	18	18.00	1	19|24|0	0.00	0.00	0.00	0.00	0.00	-50.36	0.84	0.49
ORF6-A549-Nt	Q8NHP6	MOSPD2	3	3	3.00	1	0|0|0	1.00	1.00	1.00	1.00	1.00	5.45	30.00	0.00
ORF6-A549-Nt	Q6UXM1	LRIG3	9	9	9.00	1	0|0|0	1.00	1.00	1.00	1.00	1.00	15.24	90.00	0.00
ORF6-A549-Nt	P02545	LMNA	35	35	35.00	1	8|9|0	1.00	1.00	1.00	1.00	1.00	15.39	4.12	0.00
ORF6-A549-Nt	P20700	LMNB1	13	13	13.00	1	0|0|0	1.00	1.00	1.00	1.00	1.00	21.36	130.00	0.00
ORF6-A549-Nt	Q86YL5	TDRP	4	4	4.00	1	8|9|0	0.00	0.00	0.00	0.00	0.00	-25.72	0.47	0.54
ORF6-A549-Nt	P07437	TUBB	14	14	14.00	1	18|25|0	0.00	0.00	0.00	0.00	0.00	-57.14	0.65	0.54
ORF6-A549-Nt	Q13085	ACACA	957	957	957.00	1	289|290|1840	0.00	0.00	0.00	0.00	0.00	-inf	0.90	0.54
ORF6-A549-Nt	O00763	ACACB	219	219	219.00	1	55|41|427	0.00	0.00	0.00	0.00	0.00	-530.38	0.91	0.54
ORF6-A549-Nt	P02769	ALB	6	6	6.00	1	0|0|0	1.00	1.00	1.00	1.00	1.00	10.50	60.00	0.00
ORF6-A549-Nt	A3KMH1	VWA8	3	3	3.00	1	0|0|0	1.00	1.00	1.00	1.00	1.00	5.44	30.00	0.00
ORF6-A549-Nt	Q15468	STIL	2	2	2.00	1	0|0|0	0.97	0.97	0.97	0.97	0.97	3.60	20.00	0.00
ORF6-A549-Nt	Q9NUJ3	TCP11L1	2	2	2.00	1	0|0|0	0.97	0.97	0.97	0.97	0.97	3.59	20.00	0.00
ORF6-A549-Nt	O43570	CA12	5	5	5.00	1	0|0|0	1.00	1.00	1.00	1.00	1.00	8.87	50.00	0.00
ORF6-A549-Nt	Q9NY33	DPP3	3	3	3.00	1	0|0|0	1.00	1.00	1.00	1.00	1.00	5.44	30.00	0.00
ORF6-A549-Nt	Q9Y570	PPME1	3	3	3.00	1	6|14|0	0.00	0.00	0.00	0.00	0.00	-33.56	0.30	0.54
ORF6-A549-Nt	Q08211	DHX9	3	3	3.00	1	18|15|0	0.00	0.00	0.00	0.00	0.00	-61.51	0.18	0.54
ORF6-A549-Nt	Q52LW3	ARHGAP29	3	3	3.00	1	7|3|0	0.00	0.00	0.00	0.00	0.00	-13.83	0.60	0.54
ORF6-A549-Nt	P30041	PRDX6	2	2	2.00	1	4|8|0	0.00	0.00	0.00	0.00	0.00	-19.89	0.33	0.54
ORF6-A549-Nt	O75808	CAPN15	2	2	2.00	1	6|7|0	0.00	0.00	0.00	0.00	0.00	-22.03	0.31	0.54
ORF6-A549-Nt	O15173	PGRMC2	2	2	2.00	1	0|0|0	0.97	0.97	0.97	0.97	0.97	3.61	20.00	0.00
ORF6-A549-Nt	O00567	NOP56	2	2	2.00	1	0|0|0	0.97	0.97	0.97	0.97	0.97	3.59	20.00	0.00
ORF6-A549-Nt	Q9Y230	RUVBL2	3	3	3.00	1	7|10|0	0.00	0.00	0.00	0.00	0.00	-27.82	0.35	0.54
ORF6-A549-Nt	Q6IBS0	TWF2	3	3	3.00	1	11|19|0	0.00	0.00	0.00	0.00	0.00	-54.86	0.20	0.54
ORF6-A549-Nt	Q13148	TARDBP	3	3	3.00	1	6|7|0	0.00	0.00	0.00	0.00	0.00	-19.78	0.46	0.54
ORF6-A549-Nt	P06703	S100A6	5	5	5.00	1	3|6|4	0.00	0.00	0.00	0.00	0.00	-10.86	1.00	0.30
ORF6-A549-Nt	Q15388	TOMM20	3	3	3.00	1	0|0|0	1.00	1.00	1.00	1.00	1.00	5.44	30.00	0.00
ORF6-A549-Nt	Q9P2W9	STX18	2	2	2.00	1	0|0|0	0.97	0.97	0.97	0.97	0.97	3.62	20.00	0.00
ORF6-A549-Nt	Q9BRJ2	MRPL45	6	6	6.00	1	0|0|0	1.00	1.00	1.00	1.00	1.00	10.50	60.00	0.00
ORF6-A549-Nt	Q8TCJ2	STT3B	3	3	3.00	1	0|0|0	1.00	1.00	1.00	1.00	1.00	5.45	30.00	0.00
ORF6-A549-Nt	P15531	NME1	2	2	2.00	1	0|0|0	0.97	0.97	0.97	0.97	0.97	3.60	20.00	0.00
ORF6-A549-Nt	Q6P1K2	PMF1	2	2	2.00	1	0|2|0	0.30	0.30	0.30	0.30	0.30	-0.84	2.00	0.04
ORF6-A549-Nt	Q99961	SH3GL1	2	2	2.00	1	8|11|0	0.00	0.00	0.00	0.00	0.00	-34.57	0.21	0.54
ORF6-A549-Nt	P62241	RPS8	2	2	2.00	1	0|0|0	0.97	0.97	0.98	0.98	0.98	3.79	20.00	0.00
ORF6-A549-Nt	P62280	RPS11	3	3	3.00	1	0|0|0	1.00	1.00	1.00	1.00	1.00	5.52	30.00	0.00
ORF6-A549-Nt	P62266	RPS23	4	4	4.00	1	0|0|0	1.00	1.00	1.00	1.00	1.00	7.26	40.00	0.00
ORF6-A549-Nt	Q9H694	BICC1	3	3	3.00	1	4|3|0	0.00	0.00	0.00	0.00	0.00	-8.50	0.86	0.24
ORF6-A549-Nt	Q15043	SLC39A14	2	2	2.00	1	0|0|0	0.97	0.97	0.97	0.97	0.97	3.59	20.00	0.00
ORF6-A549-Nt	Q15417	CNN3	3	3	3.00	1	0|7|0	0.00	0.00	0.00	0.00	0.00	-7.74	0.86	0.23
ORF6-A549-Nt	Q99500	S1PR3	3	3	3.00	1	0|0|0	1.00	1.00	1.00	1.00	1.00	5.44	30.00	0.00
ORF6-A549-Nt	Q96CS3	FAF2	5	5	5.00	1	0|0|0	1.00	1.00	1.00	1.00	1.00	9.05	50.00	0.00
ORF6-A549-Nt	O94927	HAUS5	2	2	2.00	1	0|0|0	0.97	0.97	0.97	0.97	0.97	3.60	20.00	0.00
ORF6-A549-Nt	Q9HCC0	MCCC2	2	2	2.00	1	0|0|0	0.97	0.97	0.97	0.97	0.97	3.60	20.00	0.00
ORF6-A549-Nt	Q96CN9	GCC1	2	2	2.00	1	0|0|0	0.97	0.97	0.97	0.97	0.97	3.59	20.00	0.00
ORF6-A549-Nt	Q9H0C8	ILKAP	2	2	2.00	1	10|12|0	0.00	0.00	0.00	0.00	0.00	-40.94	0.18	0.54
ORF6-A549-Nt	Q1ED39	KNOP1	2	2	2.00	1	15|17|0	0.00	0.00	0.00	0.00	0.00	-62.51	0.12	0.54
ORF6-A549-Nt	Q96CW1	AP2M1	6	6	6.00	1	0|0|0	1.00	1.00	1.00	1.00	1.00	10.51	60.00	0.00
ORF6-A549-Nt	Q9NRQ2	PLSCR4	2	2	2.00	1	0|0|0	0.97	0.97	0.97	0.97	0.97	3.59	20.00	0.00
ORF6-A549-Nt	Q9NUY8	TBC1D23	3	3	3.00	1	7|6|0	0.00	0.00	0.00	0.00	0.00	-19.84	0.46	0.54
ORF6-A549-Nt	P26447	S100A4	3	3	3.00	1	0|0|0	1.00	1.00	1.00	1.00	1.00	5.45	30.00	0.00
ORF6-A549-Nt	P08910	ABHD2	2	2	2.00	1	0|0|0	0.97	0.97	0.97	0.97	0.97	3.59	20.00	0.00
ORF6-A549-Nt	Q96EB1	ELP4	2	2	2.00	1	16|14|0	0.00	0.00	0.00	0.00	0.00	-58.16	0.13	0.54
ORF6-A549-Nt	Q5JPI3	C3orf38	2	2	2.00	1	0|0|0	0.97	0.97	0.97	0.97	0.97	3.59	20.00	0.00
ORF6-A549-Nt	Q07020	RPL18	2	2	2.00	1	0|0|0	0.97	0.97	0.97	0.97	0.97	3.63	20.00	0.00
ORF6-A549-Nt	Q00610	CLTC	3	3	3.00	1	0|0|0	1.00	1.00	1.00	1.00	1.00	5.56	30.00	0.00
ORF6-A549-Nt	Q8NG66	NEK11	4	4	4.00	1	0|0|0	1.00	1.00	1.00	1.00	1.00	7.18	40.00	0.00
ORF6-A549-Nt	Q9Y394	DHRS7	2	2	2.00	1	0|0|0	0.97	0.97	0.97	0.97	0.97	3.59	20.00	0.00
ORF6-A549-Nt	Q13506	NAB1	3	3	3.00	1	5|6|0	0.00	0.00	0.00	0.00	0.00	-15.91	0.55	0.54
ORF6-A549-Nt	P08559	PDHA1	2	2	2.00	1	0|0|0	0.97	0.97	0.97	0.97	0.97	3.59	20.00	0.00
ORF6-A549-Nt	Q659A1	ICE2	3	3	3.00	1	13|14|0	0.00	0.00	0.00	0.00	0.00	-48.78	0.22	0.54
ORF6-A549-Nt	Q6PFW1	PPIP5K1	2	2	2.00	1	0|0|0	0.97	0.97	0.97	0.97	0.97	3.59	20.00	0.00
ORF6-A549-Nt	P35869	AHR	2	2	2.00	1	5|8|0	0.00	0.00	0.00	0.00	0.00	-22.01	0.31	0.54
ORF6-A549-Nt	O00194	RAB27B	2	2	2.00	1	0|0|0	0.97	0.97	0.97	0.97	0.97	3.60	20.00	0.00
ORF6-A549-Nt	P52630	STAT2	3	3	3.00	1	7|7|0	0.00	0.00	0.00	0.00	0.00	-21.79	0.43	0.54
ORF6-A549-Nt	P47985	UQCRFS1	2	2	2.00	1	0|0|0	0.97	0.97	0.97	0.97	0.97	3.59	20.00	0.00
ORF6-A549-Nt	Q9H6H4	REEP4	4	4	4.00	1	0|0|0	1.00	1.00	1.00	1.00	1.00	7.18	40.00	0.00
ORF6-A549-Nt	Q06481	APLP2	2	2	2.00	1	0|0|0	0.97	0.97	0.97	0.97	0.97	3.60	20.00	0.00
ORF6-A549-Nt	Q9H6D7	HAUS4	3	3	3.00	1	0|4|0	0.07	0.07	0.07	0.07	0.07	-2.53	1.50	0.11
ORF6-A549-Nt	Q9Y2D8	SSX2IP	2	2	2.00	1	0|0|0	0.97	0.97	0.98	0.98	0.98	3.69	20.00	0.00
ORF6-A549-Nt	O00541	PES1	2	2	2.00	1	4|4|0	0.00	0.00	0.00	0.00	0.00	-11.93	0.50	0.54
ORF6-A549-Nt	O75390	CS	3	3	3.00	1	0|0|0	1.00	1.00	1.00	1.00	1.00	5.44	30.00	0.00
ORF6-A549-Nt	P84077	ARF1	4	4	4.00	1	2|4|0	0.01	0.01	0.01	0.01	0.01	-5.22	1.33	0.17
ORF6-A549-Nt	P25789	PSMA4	3	3	3.00	1	7|11|0	0.00	0.00	0.00	0.00	0.00	-29.89	0.33	0.54
ORF6-A549-Nt	Q07617	SPAG1	2	2	2.00	1	3|6|0	0.00	0.00	0.00	0.00	0.00	-13.95	0.44	0.54
ORF6-A549-Nt	Q8WWM7	ATXN2L	3	3	3.00	1	34|31|0	0.00	0.00	0.00	0.00	0.00	-131.19	0.09	0.54
ORF6-A549-Nt	Q2VPK5	CTU2	3	3	3.00	1	11|13|0	0.00	0.00	0.00	0.00	0.00	-42.43	0.25	0.54
ORF6-A549-Nt	Q96QT4	TRPM7	3	3	3.00	1	0|0|0	1.00	1.00	1.00	1.00	1.00	5.44	30.00	0.00
ORF6-A549-Nt	P22626	HNRNPA2B1	2	2	2.00	1	14|20|0	0.00	0.00	0.00	0.00	0.00	-66.87	0.12	0.54
ORF6-A549-Nt	Q9UKX7	NUP50	2	2	2.00	1	18|17|0	0.00	0.00	0.00	0.00	0.00	-69.01	0.11	0.54
ORF6-A549-Nt	Q92545	TMEM131	4	4	4.00	1	0|0|0	1.00	1.00	1.00	1.00	1.00	7.18	40.00	0.00
ORF6-A549-Nt	P49748	ACADVL	3	3	3.00	1	0|0|0	1.00	1.00	1.00	1.00	1.00	5.44	30.00	0.00
ORF6-A549-Nt	Q9BTC0	DIDO1	2	2	2.00	1	26|13|0	0.00	0.00	0.00	0.00	0.00	-77.16	0.10	0.54
ORF6-A549-Nt	P46087	NOP2	2	2	2.00	1	9|4|0	0.00	0.00	0.00	0.00	0.00	-21.80	0.31	0.54
ORF6-A549-Nt	P50570	DNM2	3	3	3.00	1	0|0|0	1.00	1.00	1.00	1.00	1.00	5.45	30.00	0.00
ORF6-A549-Nt	P42677	RPS27	3	3	3.00	1	0|0|0	1.00	1.00	1.00	1.00	1.00	5.46	30.00	0.00
ORF6-A549-Nt	P34896	SHMT1	5	5	5.00	1	0|3|0	0.68	0.68	0.68	0.68	0.68	0.77	3.33	0.02
ORF6-A549-Nt	Q16181	SEPTIN7	2	2	2.00	1	11|14|0	0.00	0.00	0.00	0.00	0.00	-47.38	0.16	0.54
ORF6-A549-Nt	Q16531	DDB1	3	3	3.00	1	0|0|0	1.00	1.00	1.00	1.00	1.00	5.46	30.00	0.00
ORF6-A549-Nt	P86790	CCZ1B	2	2	2.00	1	5|7|0	0.00	0.00	0.00	0.00	0.00	-19.95	0.33	0.54
ORF6-A549-Nt	Q6BDS2	UHRF1BP1	4	4	4.00	1	3|5|0	0.00	0.00	0.00	0.00	0.00	-8.80	1.00	0.25
ORF6-A549-Nt	Q99426	TBCB	3	3	3.00	1	8|11|0	0.00	0.00	0.00	0.00	0.00	-31.99	0.32	0.54
ORF6-A549-Nt	Q9C0D5	TANC1	2	2	2.00	1	12|5|0	0.00	0.00	0.00	0.00	0.00	-29.96	0.24	0.54
ORF6-A549-Nt	Q9HD26	GOPC	4	4	4.00	1	0|2|0	0.76	0.76	0.76	0.76	0.76	1.15	4.00	0.01
ORF6-A549-Nt	Q8IZH2	XRN1	3	3	3.00	1	20|8|0	0.00	0.00	0.00	0.00	0.00	-50.13	0.21	0.54
ORF6-A549-Nt	Q8N5G2	MACO1	2	2	2.00	1	0|0|0	0.97	0.97	0.97	0.97	0.97	3.59	20.00	0.00
ORF6-A549-Nt	Q99996	AKAP9	5	5	5.00	1	0|0|0	1.00	1.00	1.00	1.00	1.00	8.86	50.00	0.00
ORF6-A549-Nt	Q9BX63	BRIP1	2	2	2.00	1	15|7|0	0.00	0.00	0.00	0.00	0.00	-40.51	0.18	0.54
ORF6-A549-Nt	P61081	UBE2M	2	2	2.00	1	3|6|0	0.00	0.00	0.00	0.00	0.00	-13.94	0.44	0.54
ORF6-A549-Nt	Q04760	GLO1	2	2	2.00	1	9|7|0	0.00	0.00	0.00	0.00	0.00	-28.22	0.25	0.54
ORF6-A549-Nt	Q9NX70	MED29	2	2	2.00	1	0|0|0	0.97	0.97	0.97	0.97	0.97	3.59	20.00	0.00
ORF6-A549-Nt	Q9UKG1	APPL1	2	2	2.00	1	0|0|0	0.97	0.97	0.97	0.97	0.97	3.59	20.00	0.00
ORF6-A549-Nt	Q86XI2	NCAPG2	2	2	2.00	1	0|0|0	0.97	0.97	0.97	0.97	0.97	3.59	20.00	0.00
ORF6-A549-Nt	P07910	HNRNPC	2	2	2.00	1	4|6|0	0.00	0.00	0.00	0.00	0.00	-15.87	0.40	0.54
ORF6-A549-Nt	Q9UBP9	GULP1	2	2	2.00	1	0|3|0	0.09	0.09	0.09	0.09	0.09	-2.36	1.33	0.09
ORF6-A549-Nt	Q6WCQ1	MPRIP	2	2	2.00	1	36|33|0	0.00	0.00	0.00	0.00	0.00	-143.85	0.06	0.54
ORF6-A549-Nt	Q9GZU8	PSME3IP1	2	2	2.00	1	19|19|0	0.00	0.00	0.00	0.00	0.00	-75.58	0.11	0.54
ORF6-A549-Nt	P43243	MATR3	2	2	2.00	1	15|11|0	0.00	0.00	0.00	0.00	0.00	-49.49	0.15	0.54
ORF6-A549-Nt	O95983	MBD3	2	2	2.00	1	0|4|0	0.02	0.02	0.02	0.02	0.02	-4.05	1.00	0.14
ORF6-A549-Nt	Q13535	ATR	2	2	2.00	1	0|0|0	0.97	0.97	0.97	0.97	0.97	3.59	20.00	0.00
ORF6-A549-Nt	O75616	ERAL1	3	3	3.00	1	0|0|0	1.00	1.00	1.00	1.00	1.00	5.44	30.00	0.00
ORF6-A549-Nt	P33991	MCM4	3	3	3.00	1	2|5|0	0.00	0.00	0.00	0.00	0.00	-8.47	0.86	0.24
ORF6-A549-Nt	Q96RL7	VPS13A	5	5	5.00	1	0|0|0	1.00	1.00	1.00	1.00	1.00	8.86	50.00	0.00
ORF6-A549-Nt	Q9NPA3	MID1IP1	2	2	2.00	1	2|4|0	0.00	0.00	0.00	0.00	0.00	-8.16	0.67	0.54
ORF6-A549-Nt	Q9NZU5	LMCD1	4	4	4.00	1	12|11|0	0.00	0.00	0.00	0.00	0.00	-37.87	0.35	0.54
ORF6-A549-Nt	Q9BV73	CEP250	3	3	3.00	1	0|0|0	1.00	1.00	1.00	1.00	1.00	5.44	30.00	0.00
ORF6-A549-Nt	Q96EL2	MRPS24	3	3	3.00	1	0|0|0	1.00	1.00	1.00	1.00	1.00	5.44	30.00	0.00
ORF6-A549-Nt	P18583	SON	2	2	2.00	1	39|32|0	0.00	0.00	0.00	0.00	0.00	-148.26	0.06	0.54
ORF6-A549-Nt	Q12770	SCAP	3	3	3.00	1	0|0|0	1.00	1.00	1.00	1.00	1.00	5.45	30.00	0.00
ORF6-A549-Nt	Q9UKK9	NUDT5	2	2	2.00	1	7|9|0	0.00	0.00	0.00	0.00	0.00	-28.22	0.25	0.54
ORF6-A549-Nt	Q9GZM8	NDEL1	3	3	3.00	1	0|4|0	0.07	0.07	0.07	0.07	0.07	-2.55	1.50	0.11
ORF6-A549-Nt	P04632	CAPNS1	2	2	2.00	1	0|3|0	0.09	0.09	0.09	0.09	0.09	-2.35	1.33	0.09
ORF6-A549-Nt	P30048	PRDX3	3	3	3.00	1	0|0|0	1.00	1.00	1.00	1.00	1.00	5.44	30.00	0.00
ORF6-A549-Nt	Q8NEM2	SHCBP1	2	2	2.00	1	3|5|0	0.00	0.00	0.00	0.00	0.00	-11.94	0.50	0.54
ORF6-A549-Nt	Q9BZE1	MRPL37	2	2	2.00	1	0|0|0	0.97	0.97	0.97	0.97	0.97	3.59	20.00	0.00
ORF6-A549-Nt	P51812	RPS6KA3	2	2	2.00	1	7|7|0	0.00	0.00	0.00	0.00	0.00	-24.06	0.29	0.54
ORF6-A549-Nt	Q6NUM9	RETSAT	2	2	2.00	1	0|0|0	0.97	0.97	0.97	0.97	0.97	3.59	20.00	0.00
ORF6-A549-Nt	Q96G01	BICD1	5	5	5.00	1	7|7|0	0.00	0.00	0.00	0.00	0.00	-18.04	0.71	0.38
ORF6-A549-Nt	P28370	SMARCA1	2	2	2.00	1	10|12|0	0.00	0.00	0.00	0.00	0.00	-40.94	0.18	0.54
ORF6-A549-Nt	O15063	KIAA0355	3	3	3.00	1	3|0|0	0.26	0.26	0.26	0.26	0.26	-1.06	2.00	0.06
ORF6-A549-Nt	Q9Y4B5	MTCL1	2	2	2.00	1	0|0|0	0.97	0.97	0.97	0.97	0.97	3.59	20.00	0.00
ORF6-A549-Nt	P53007	SLC25A1	2	2	2.00	1	0|0|0	0.97	0.97	0.97	0.97	0.97	3.59	20.00	0.00
ORF6-A549-Nt	Q96RL1	UIMC1	4	4	4.00	1	7|4|0	0.00	0.00	0.00	0.00	0.00	-14.16	0.73	0.34
ORF6-A549-Nt	P17275	JUNB	3	3	3.00	1	21|16|0	0.00	0.00	0.00	0.00	0.00	-70.18	0.16	0.54
ORF6-A549-Nt	P60842	EIF4A1	2	2	2.00	1	4|3|0	0.00	0.00	0.00	0.00	0.00	-10.04	0.57	0.54
ORF6-A549-Nt	P46781	RPS9	2	2	2.00	1	0|0|0	0.97	0.97	0.98	0.98	0.98	3.68	20.00	0.00
ORF6-A549-Nt	Q8WZ42	TTN	6	6	6.00	1	0|0|0	1.00	1.00	1.00	1.00	1.00	10.50	60.00	0.00
ORF6-A549-Nt	P22223	CDH3	2	2	2.00	1	0|0|0	0.97	0.97	0.97	0.97	0.97	3.59	20.00	0.00
ORF6-A549-Nt	Q9H4B8	DPEP3	2	2	2.00	1	0|0|0	0.97	0.97	0.97	0.97	0.97	3.59	20.00	0.00
ORF6-A549-Nt	Q9NRY4	ARHGAP35	3	3	3.00	1	37|38|0	0.00	0.00	0.00	0.00	0.00	-153.20	0.08	0.54
ORF6-A549-Nt	P08243	ASNS	2	2	2.00	1	5|11|0	0.00	0.00	0.00	0.00	0.00	-27.91	0.25	0.54
ORF6-A549-Nt	Q9Y5X1	SNX9	2	2	2.00	1	5|5|0	0.00	0.00	0.00	0.00	0.00	-15.89	0.40	0.54
ORF6-A549-Nt	P46020	PHKA1	2	2	2.00	1	10|8|0	0.00	0.00	0.00	0.00	0.00	-32.43	0.22	0.54
ORF6-A549-Nt	Q13011	ECH1	2	2	2.00	1	0|0|0	0.97	0.97	0.97	0.97	0.97	3.59	20.00	0.00
