Bait	Prey	PreyGene	Spec	SpecSum	AvgSpec	NumReplicates	ctrlCounts	AvgP	MaxP	TopoAvgP	TopoMaxP	SaintScore	logOddsScore	FoldChange	BFDR
ORF8-A549-Nt	BirA_R118G_H0QFJ5	BirA_R118G_H0QFJ5	225|222	447	223.50	2	13|9|861|877	0.00	0.00	0.00	0.00	0.00	-inf	0.26	0.55
ORF8-A549-Nt	P51587	BRCA2	69|66	135	67.50	2	0|0|37|31	0.00	0.00	0.00	0.00	0.00	-26.82	1.99	0.42
ORF8-A549-Nt	P09622	DLD	7|6	13	6.50	2	0|0|0|0	1.00	1.00	1.00	1.00	1.00	10.45	65.00	0.00
ORF8-A549-Nt	P50402	EMD	36|27	63	31.50	2	0|0|6|7	1.00	1.00	1.00	1.00	1.00	11.90	4.85	0.00
ORF8-A549-Nt	P07099	EPHX1	2|0	2	1.00	2	0|0|0|0	0.49	0.97	0.49	0.97	0.49	-0.92	10.00	0.11
ORF8-A549-Nt	Q04446	GBE1	4|2	6	3.00	2	0|0|6|4	0.00	0.00	0.00	0.00	0.00	-15.95	0.60	0.36
ORF8-A549-Nt	P23229	ITGA6	16|12	28	14.00	2	0|0|0|0	1.00	1.00	1.00	1.00	1.00	19.74	140.00	0.00
ORF8-A549-Nt	Q99707	MTR	17|14	31	15.50	2	0|0|10|9	0.00	0.00	0.00	0.00	0.00	-13.91	1.63	0.33
ORF8-A549-Nt	Q01968	OCRL	11|14	25	12.50	2	0|0|22|24	0.00	0.00	0.00	0.00	0.00	-68.89	0.54	0.50
ORF8-A549-Nt	Q13428	TCOF1	8|9	17	8.50	2	0|0|26|34	0.00	0.00	0.00	0.00	0.00	-105.16	0.28	0.55
ORF8-A549-Nt	P60174	TPI1	2|0	2	1.00	2	0|0|0|0	0.49	0.97	0.49	0.97	0.49	-1.05	10.00	0.11
ORF8-A549-Nt	P51648	ALDH3A2	15|16	31	15.50	2	0|0|4|2	1.00	1.00	1.00	1.00	1.00	7.94	5.17	0.00
ORF8-A549-Nt	P11413	G6PD	90|101	191	95.50	2	2|0|148|145	0.00	0.00	0.00	0.00	0.00	-398.12	0.65	0.55
ORF8-A549-Nt	P50747	HLCS	8|8	16	8.00	2	7|6|3|0	0.00	0.00	0.00	0.00	0.00	-11.92	1.23	0.34
ORF8-A549-Nt	P05166	PCCB	6|7	13	6.50	2	8|12|0|0	0.00	0.00	0.00	0.00	0.00	-27.78	0.65	0.44
ORF8-A549-Nt	P00390	GSR	6|5	11	5.50	2	0|0|4|3	0.01	0.01	0.01	0.01	0.01	-5.71	1.57	0.25
ORF8-A549-Nt	P30838	ALDH3A1	18|15	33	16.50	2	0|0|16|16	0.00	0.00	0.00	0.00	0.00	-35.24	1.03	0.45
ORF8-A549-Nt	P04083	ANXA1	40|43	83	41.50	2	0|0|84|78	0.00	0.00	0.00	0.00	0.00	-239.90	0.51	0.54
ORF8-A549-Nt	P11717	IGF2R	12|9	21	10.50	2	0|0|4|2	0.89	0.99	0.88	0.99	0.89	1.21	3.50	0.00
ORF8-A549-Nt	P15559	NQO1	9|10	19	9.50	2	3|0|7|7	0.00	0.00	0.00	0.00	0.00	-12.25	1.36	0.34
ORF8-A549-Nt	P11498	PC	1875|1739	3614	1807.00	2	926|506|838|792	0.00	0.00	0.00	0.00	0.00	-inf	2.05	0.55
ORF8-A549-Nt	P30876	POLR2B	5|2	7	3.50	2	0|0|5|4	0.00	0.00	0.00	0.00	0.00	-14.00	0.78	0.32
ORF8-A549-Nt	P16435	POR	18|16	34	17.00	2	0|0|0|0	1.00	1.00	1.00	1.00	1.00	25.81	170.00	0.00
ORF8-A549-Nt	P36578	RPL4	3|3	6	3.00	2	6|0|3|4	0.00	0.00	0.00	0.00	0.00	-13.45	0.60	0.55
ORF8-A549-Nt	P46777	RPL5	28|26	54	27.00	2	3|0|21|23	0.00	0.00	0.00	0.00	0.00	-39.67	1.23	0.46
ORF8-A549-Nt	Q02878	RPL6	20|24	44	22.00	2	4|0|16|15	0.00	0.00	0.00	0.00	0.00	-25.50	1.42	0.41
ORF8-A549-Nt	P18124	RPL7	4|4	8	4.00	2	3|0|0|0	0.49	0.49	0.62	0.62	0.62	0.48	2.67	0.11
ORF8-A549-Nt	P62424	RPL7A	8|5	13	6.50	2	3|0|0|0	0.80	0.91	0.87	0.94	0.87	1.33	4.33	0.01
ORF8-A549-Nt	P62917	RPL8	3|2	5	2.50	2	0|0|0|0	0.98	1.00	0.99	1.00	0.99	3.92	25.00	0.00
ORF8-A549-Nt	P26373	RPL13	2|3	5	2.50	2	2|0|0|0	0.44	0.57	0.45	0.58	0.45	-0.79	2.50	0.17
ORF8-A549-Nt	Q02543	RPL18A	6|4	10	5.00	2	0|0|0|0	1.00	1.00	1.00	1.00	1.00	7.35	50.00	0.00
ORF8-A549-Nt	P83731	RPL24	2|3	5	2.50	2	3|0|3|3	0.00	0.00	0.00	0.00	0.00	-8.26	0.83	0.29
ORF8-A549-Nt	P61254	RPL26	7|7	14	7.00	2	3|0|2|0	0.61	0.61	0.63	0.63	0.63	0.53	2.80	0.02
ORF8-A549-Nt	P61353	RPL27	5|7	12	6.00	2	0|0|3|2	0.35	0.61	0.38	0.64	0.38	-2.03	2.40	0.18
ORF8-A549-Nt	P46776	RPL27A	3|2	5	2.50	2	2|0|2|0	0.02	0.04	0.03	0.05	0.03	-4.46	1.25	0.23
ORF8-A549-Nt	P46779	RPL28	6|4	10	5.00	2	0|0|8|6	0.00	0.00	0.00	0.00	0.00	-19.84	0.71	0.39
ORF8-A549-Nt	P49207	RPL34	3|3	6	3.00	2	5|0|3|0	0.00	0.00	0.00	0.00	0.00	-10.18	0.75	0.33
ORF8-A549-Nt	P05388	RPLP0	7|6	13	6.50	2	0|0|7|4	0.00	0.00	0.00	0.00	0.00	-11.26	1.18	0.33
ORF8-A549-Nt	P62753	RPS6	2|3	5	2.50	2	2|0|0|0	0.44	0.57	0.45	0.58	0.45	-0.79	2.50	0.17
ORF8-A549-Nt	P36542	ATP5F1C	2|0	2	1.00	2	0|0|0|0	0.49	0.97	0.49	0.97	0.49	-0.94	10.00	0.11
ORF8-A549-Nt	Q01780	EXOSC10	13|14	27	13.50	2	0|0|66|65	0.00	0.00	0.00	0.00	0.00	-242.21	0.21	0.55
ORF8-A549-Nt	P62081	RPS7	3|0	3	1.50	2	0|0|0|0	0.50	1.00	0.50	1.00	0.50	-0.75	15.00	0.07
ORF8-A549-Nt	Q9NTJ3	SMC4	4|3	7	3.50	2	0|0|4|6	0.00	0.00	0.00	0.00	0.00	-14.02	0.70	0.36
ORF8-A549-Nt	P07355	ANXA2	41|46	87	43.50	2	7|0|89|75	0.00	0.00	0.00	0.00	0.00	-241.77	0.53	0.54
ORF8-A549-Nt	P62241	RPS8	11|10	21	10.50	2	7|2|8|7	0.00	0.00	0.00	0.00	0.00	-12.28	1.40	0.34
ORF8-A549-Nt	Q9H6J7	C11orf49	7|9	16	8.00	2	0|0|6|6	0.00	0.00	0.00	0.00	0.00	-11.60	1.33	0.31
ORF8-A549-Nt	Q9BZF1	OSBPL8	9|3	12	6.00	2	0|0|0|0	1.00	1.00	1.00	1.00	1.00	5.44	60.00	0.00
ORF8-A549-Nt	Q96RN5	MED15	5|3	8	4.00	2	0|0|20|17	0.00	0.00	0.00	0.00	0.00	-70.26	0.22	0.55
ORF8-A549-Nt	P36956	SREBF1	7|9	16	8.00	2	0|0|0|0	1.00	1.00	1.00	1.00	1.00	12.05	80.00	0.00
ORF8-A549-Nt	Q6UWE0	LRSAM1	3|4	7	3.50	2	0|0|14|13	0.00	0.00	0.00	0.00	0.00	-48.89	0.26	0.55
ORF8-A549-Nt	P62280	RPS11	6|5	11	5.50	2	4|0|0|4	0.00	0.00	0.00	0.00	0.00	-7.35	1.38	0.27
ORF8-A549-Nt	O60858	TRIM13	6|7	13	6.50	2	0|0|0|0	1.00	1.00	1.00	1.00	1.00	10.47	65.00	0.00
ORF8-A549-Nt	O75534	CSDE1	12|11	23	11.50	2	0|0|23|20	0.00	0.00	0.00	0.00	0.00	-63.03	0.53	0.50
ORF8-A549-Nt	Q6PUV4	CPLX2	13|13	26	13.00	2	0|0|13|14	0.00	0.00	0.00	0.00	0.00	-29.33	0.96	0.44
ORF8-A549-Nt	Q8N5K1	CISD2	23|22	45	22.50	2	0|0|4|3	1.00	1.00	1.00	1.00	1.00	14.37	6.43	0.00
ORF8-A549-Nt	P49368	CCT3	2|3	5	2.50	2	0|0|7|5	0.00	0.00	0.00	0.00	0.00	-20.00	0.42	0.55
ORF8-A549-Nt	Q14008	CKAP5	12|6	18	9.00	2	0|0|29|24	0.00	0.00	0.00	0.00	0.00	-95.70	0.34	0.55
ORF8-A549-Nt	Q15942	ZYX	9|8	17	8.50	2	0|0|31|34	0.00	0.00	0.00	0.00	0.00	-115.50	0.26	0.55
ORF8-A549-Nt	P08195	SLC3A2	14|20	34	17.00	2	0|0|14|17	0.00	0.00	0.00	0.00	0.00	-34.80	1.10	0.44
ORF8-A549-Nt	Q1ED39	KNOP1	5|0	5	2.50	2	0|0|20|14	0.00	0.00	0.00	0.00	0.00	-74.82	0.15	0.55
ORF8-A549-Nt	Q5D862	FLG2	3|3	6	3.00	2	5|0|0|0	0.01	0.01	0.01	0.01	0.01	-4.31	1.20	0.24
ORF8-A549-Nt	P38117	ETFB	5|3	8	4.00	2	0|0|6|2	0.00	0.00	0.00	0.00	0.00	-10.05	1.00	0.29
ORF8-A549-Nt	Q14966	ZNF638	9|6	15	7.50	2	0|0|38|30	0.00	0.00	0.00	0.00	0.00	-127.88	0.22	0.55
ORF8-A549-Nt	P62266	RPS23	3|3	6	3.00	2	0|0|2|2	0.04	0.04	0.04	0.04	0.04	-3.22	1.50	0.23
ORF8-A549-Nt	Q8IX01	SUGP2	40|32	72	36.00	2	0|0|91|82	0.00	0.00	0.00	0.00	0.00	-280.34	0.42	0.55
ORF8-A549-Nt	P46736	BRCC3	5|4	9	4.50	2	0|0|14|17	0.00	0.00	0.00	0.00	0.00	-54.50	0.29	0.55
ORF8-A549-Nt	Q8NC51	SERBP1	4|6	10	5.00	2	0|0|15|13	0.00	0.00	0.00	0.00	0.00	-48.33	0.36	0.55
ORF8-A549-Nt	Q709C8	VPS13C	20|17	37	18.50	2	0|0|20|20	0.00	0.00	0.00	0.00	0.00	-46.57	0.93	0.47
ORF8-A549-Nt	P27824	CANX	4|5	9	4.50	2	0|0|0|0	1.00	1.00	1.00	1.00	1.00	7.92	45.00	0.00
ORF8-A549-Nt	P55265	ADAR	7|6	13	6.50	2	0|0|28|24	0.00	0.00	0.00	0.00	0.00	-93.62	0.25	0.55
ORF8-A549-Nt	Q96CW1	AP2M1	3|2	5	2.50	2	0|0|0|0	0.98	1.00	0.99	1.00	0.99	3.65	25.00	0.00
ORF8-A549-Nt	Q9Y263	PLAA	21|19	40	20.00	2	0|0|40|32	0.00	0.00	0.00	0.00	0.00	-104.21	0.56	0.52
ORF8-A549-Nt	Q86SQ4	ADGRG6	7|5	12	6.00	2	0|0|0|0	1.00	1.00	1.00	1.00	1.00	8.75	60.00	0.00
ORF8-A549-Nt	P46087	NOP2	8|9	17	8.50	2	0|0|8|6	0.00	0.00	0.00	0.00	0.00	-13.62	1.21	0.35
ORF8-A549-Nt	P62987	UBA52	27|30	57	28.50	2	0|0|15|10	0.03	0.07	0.04	0.07	0.04	-6.39	2.28	0.23
ORF8-A549-Nt	P62805	H4C1	6|2	8	4.00	2	8|4|6|4	0.00	0.00	0.00	0.00	0.00	-24.17	0.57	0.39
ORF8-A549-Nt	P50914	RPL14	2|3	5	2.50	2	0|0|2|2	0.02	0.04	0.02	0.04	0.02	-4.65	1.25	0.23
ORF8-A549-Nt	Q96TA1	NIBAN2	11|12	23	11.50	2	0|0|29|26	0.00	0.00	0.00	0.00	0.00	-87.28	0.42	0.55
ORF8-A549-Nt	Q96T51	RUFY1	5|7	12	6.00	2	0|0|28|25	0.00	0.00	0.00	0.00	0.00	-98.59	0.23	0.55
ORF8-A549-Nt	P61221	ABCE1	3|4	7	3.50	2	0|0|5|3	0.00	0.00	0.00	0.00	0.00	-9.77	0.88	0.31
ORF8-A549-Nt	Q9NQC7	CYLD	2|2	4	2.00	2	0|0|23|26	0.00	0.00	0.00	0.00	0.00	-99.81	0.08	0.55
ORF8-A549-Nt	Q5T8D3	ACBD5	11|14	25	12.50	2	0|0|0|0	1.00	1.00	1.00	1.00	1.00	18.33	125.00	0.00
ORF8-A549-Nt	Q8IZH2	XRN1	6|6	12	6.00	2	0|0|21|20	0.00	0.00	0.00	0.00	0.00	-70.41	0.29	0.55
ORF8-A549-Nt	Q92692	NECTIN2	4|4	8	4.00	2	0|0|4|3	0.00	0.00	0.00	0.00	0.00	-7.14	1.14	0.28
ORF8-A549-Nt	O95487	SEC24B	11|6	17	8.50	2	0|0|6|7	0.00	0.00	0.00	0.00	0.00	-14.77	1.31	0.30
ORF8-A549-Nt	P29401	TKT	38|43	81	40.50	2	9|0|47|48	0.00	0.00	0.00	0.00	0.00	-113.31	0.85	0.52
ORF8-A549-Nt	Q2KHR3	QSER1	4|2	6	3.00	2	0|0|25|21	0.00	0.00	0.00	0.00	0.00	-93.21	0.13	0.55
ORF8-A549-Nt	Q96QD5	DEPDC7	19|23	42	21.00	2	0|0|27|23	0.00	0.00	0.00	0.00	0.00	-61.76	0.84	0.49
ORF8-A549-Nt	Q9Y2H6	FNDC3A	3|3	6	3.00	2	0|0|0|0	1.00	1.00	1.00	1.00	1.00	5.44	30.00	0.00
ORF8-A549-Nt	Q86YV5	PRAG1	4|6	10	5.00	2	0|0|24|23	0.00	0.00	0.00	0.00	0.00	-88.77	0.21	0.55
ORF8-A549-Nt	P49023	PXN	3|3	6	3.00	2	0|0|26|25	0.00	0.00	0.00	0.00	0.00	-100.61	0.12	0.55
ORF8-A549-Nt	Q6NUQ4	TMEM214	12|15	27	13.50	2	0|0|0|0	1.00	1.00	1.00	1.00	1.00	19.88	135.00	0.00
ORF8-A549-Nt	P53396	ACLY	23|21	44	22.00	2	0|0|38|33	0.00	0.00	0.00	0.00	0.00	-98.28	0.62	0.52
ORF8-A549-Nt	P53621	COPA	14|13	27	13.50	2	0|0|8|8	0.00	0.00	0.00	0.00	0.00	-9.92	1.69	0.31
ORF8-A549-Nt	Q9H6U6	BCAS3	3|6	9	4.50	2	0|0|14|13	0.00	0.00	0.00	0.00	0.00	-48.83	0.33	0.55
ORF8-A549-Nt	Q92628	KIAA0232	4|2	6	3.00	2	0|0|9|9	0.00	0.00	0.00	0.00	0.00	-32.54	0.33	0.55
ORF8-A549-Nt	O95759	TBC1D8	4|4	8	4.00	2	0|0|17|13	0.00	0.00	0.00	0.00	0.00	-52.52	0.27	0.55
ORF8-A549-Nt	Q7Z3T8	ZFYVE16	34|25	59	29.50	2	0|0|76|66	0.00	0.00	0.00	0.00	0.00	-233.18	0.42	0.55
ORF8-A549-Nt	Q8N3V7	SYNPO	6|8	14	7.00	2	0|0|16|23	0.00	0.00	0.00	0.00	0.00	-66.17	0.36	0.55
ORF8-A549-Nt	E9PAV3	NACA	5|3	8	4.00	2	0|0|7|5	0.00	0.00	0.00	0.00	0.00	-17.94	0.67	0.38
ORF8-A549-Nt	Q08495	DMTN	2|0	2	1.00	2	0|0|11|11	0.00	0.00	0.00	0.00	0.00	-47.91	0.09	0.55
ORF8-A549-Nt	P30519	HMOX2	5|3	8	4.00	2	0|0|0|0	1.00	1.00	1.00	1.00	1.00	5.44	40.00	0.00
ORF8-A549-Nt	Q9ULF5	SLC39A10	4|5	9	4.50	2	0|0|0|0	1.00	1.00	1.00	1.00	1.00	7.13	45.00	0.00
ORF8-A549-Nt	Q14157	UBAP2L	23|16	39	19.50	2	0|0|37|41	0.00	0.00	0.00	0.00	0.00	-122.79	0.50	0.52
ORF8-A549-Nt	Q96C24	SYTL4	59|57	116	58.00	2	0|0|49|48	0.00	0.00	0.00	0.00	0.00	-88.93	1.20	0.51
ORF8-A549-Nt	Q17RS7	GEN1	6|5	11	5.50	2	0|0|17|14	0.00	0.00	0.00	0.00	0.00	-52.09	0.35	0.55
ORF8-A549-Nt	O14967	CLGN	3|0	3	1.50	2	0|0|0|0	0.50	1.00	0.50	1.00	0.50	-1.05	15.00	0.07
ORF8-A549-Nt	Q05209	PTPN12	5|7	12	6.00	2	0|0|30|28	0.00	0.00	0.00	0.00	0.00	-109.40	0.21	0.55
ORF8-A549-Nt	P31641	SLC6A6	2|2	4	2.00	2	0|0|0|0	0.97	0.97	0.97	0.97	0.97	3.49	20.00	0.00
ORF8-A549-Nt	Q92609	TBC1D5	3|4	7	3.50	2	0|0|29|26	0.00	0.00	0.00	0.00	0.00	-109.40	0.13	0.55
ORF8-A549-Nt	Q7L1W4	LRRC8D	7|4	11	5.50	2	0|0|0|0	1.00	1.00	1.00	1.00	1.00	7.07	55.00	0.00
ORF8-A549-Nt	Q96AC1	FERMT2	4|2	6	3.00	2	0|0|4|5	0.00	0.00	0.00	0.00	0.00	-14.00	0.67	0.34
ORF8-A549-Nt	Q3V6T2	CCDC88A	5|3	8	4.00	2	0|0|18|9	0.00	0.00	0.00	0.00	0.00	-48.46	0.30	0.55
ORF8-A549-Nt	P04844	RPN2	6|6	12	6.00	2	0|0|4|3	0.01	0.01	0.02	0.02	0.02	-4.16	1.71	0.24
ORF8-A549-Nt	Q9UM82	SPATA2	30|37	67	33.50	2	0|0|38|37	0.00	0.00	0.00	0.00	0.00	-89.90	0.89	0.51
ORF8-A549-Nt	Q9UHN6	CEMIP2	33|28	61	30.50	2	0|0|0|5	1.00	1.00	1.00	1.00	1.00	5.56	12.20	0.00
ORF8-A549-Nt	Q8WXG6	MADD	2|3	5	2.50	2	0|0|8|6	0.00	0.00	0.00	0.00	0.00	-24.11	0.36	0.55
ORF8-A549-Nt	Q8N2Y8	RUSC2	5|5	10	5.00	2	0|0|2|2	0.38	0.38	0.35	0.35	0.38	-0.61	2.50	0.18
ORF8-A549-Nt	Q9UHX1	PUF60	17|16	33	16.50	2	0|0|49|53	0.00	0.00	0.00	0.00	0.00	-172.23	0.32	0.55
ORF8-A549-Nt	Q63ZY3	KANK2	4|5	9	4.50	2	0|0|22|20	0.00	0.00	0.00	0.00	0.00	-78.01	0.21	0.55
ORF8-A549-Nt	P51572	BCAP31	13|16	29	14.50	2	0|0|5|6	0.53	0.89	0.53	0.89	0.53	-1.62	2.64	0.02
ORF8-A549-Nt	Q8N0X7	SPART	15|15	30	15.00	2	0|0|53|44	0.00	0.00	0.00	0.00	0.00	-164.28	0.31	0.55
ORF8-A549-Nt	O60502	OGA	4|5	9	4.50	2	0|0|12|8	0.00	0.00	0.00	0.00	0.00	-31.83	0.45	0.55
ORF8-A549-Nt	Q96F86	EDC3	25|23	48	24.00	2	0|0|53|49	0.00	0.00	0.00	0.00	0.00	-155.81	0.47	0.55
ORF8-A549-Nt	Q86V48	LUZP1	26|25	51	25.50	2	0|0|70|76	0.00	0.00	0.00	0.00	0.00	-241.48	0.35	0.55
ORF8-A549-Nt	Q15029	EFTUD2	5|6	11	5.50	2	0|0|9|9	0.00	0.00	0.00	0.00	0.00	-25.74	0.61	0.43
ORF8-A549-Nt	Q9Y320	TMX2	2|0	2	1.00	2	0|0|0|0	0.49	0.97	0.49	0.97	0.49	-0.97	10.00	0.11
ORF8-A549-Nt	P53618	COPB1	4|6	10	5.00	2	0|0|12|16	0.00	0.00	0.00	0.00	0.00	-48.03	0.36	0.55
ORF8-A549-Nt	Q8NEZ2	VPS37A	5|5	10	5.00	2	0|0|36|34	0.00	0.00	0.00	0.00	0.00	-135.36	0.14	0.55
ORF8-A549-Nt	Q15233	NONO	13|16	29	14.50	2	0|0|35|31	0.00	0.00	0.00	0.00	0.00	-105.10	0.44	0.55
ORF8-A549-Nt	Q9P0K7	RAI14	4|2	6	3.00	2	0|0|21|21	0.00	0.00	0.00	0.00	0.00	-84.43	0.14	0.55
ORF8-A549-Nt	P47736	RAP1GAP	4|2	6	3.00	2	0|0|18|15	0.00	0.00	0.00	0.00	0.00	-64.80	0.18	0.55
ORF8-A549-Nt	Q15390	MTFR1	2|3	5	2.50	2	0|0|3|0	0.17	0.26	0.16	0.25	0.17	-2.42	1.67	0.19
ORF8-A549-Nt	Q14914	PTGR1	3|0	3	1.50	2	0|0|0|0	0.50	1.00	0.50	1.00	0.50	-1.05	15.00	0.07
ORF8-A549-Nt	Q9UBM7	DHCR7	7|7	14	7.00	2	0|0|0|0	1.00	1.00	1.00	1.00	1.00	12.00	70.00	0.00
ORF8-A549-Nt	Q96JM3	CHAMP1	2|4	6	3.00	2	0|0|37|35	0.00	0.00	0.00	0.00	0.00	-150.59	0.08	0.55
ORF8-A549-Nt	O60664	PLIN3	9|7	16	8.00	2	0|0|35|33	0.00	0.00	0.00	0.00	0.00	-124.89	0.24	0.55
ORF8-A549-Nt	Q9NUL3	STAU2	6|4	10	5.00	2	0|0|18|16	0.00	0.00	0.00	0.00	0.00	-60.90	0.29	0.55
ORF8-A549-Nt	Q9UKV3	ACIN1	4|3	7	3.50	2	0|0|30|28	0.00	0.00	0.00	0.00	0.00	-115.87	0.12	0.55
ORF8-A549-Nt	Q9NXB0	MKS1	4|2	6	3.00	2	0|0|0|0	0.99	1.00	0.99	1.00	0.99	3.65	30.00	0.00
ORF8-A549-Nt	Q9BVJ6	UTP14A	3|5	8	4.00	2	0|0|24|15	0.00	0.00	0.00	0.00	0.00	-74.35	0.21	0.55
ORF8-A549-Nt	P33981	TTK	4|2	6	3.00	2	0|0|19|17	0.00	0.00	0.00	0.00	0.00	-71.26	0.17	0.55
ORF8-A549-Nt	Q9BTX1	NDC1	16|20	36	18.00	2	0|0|2|0	1.00	1.00	1.00	1.00	1.00	8.68	18.00	0.00
ORF8-A549-Nt	Q9NZ09	UBAP1	3|0	3	1.50	2	0|0|24|29	0.00	0.00	0.00	0.00	0.00	-117.20	0.06	0.55
ORF8-A549-Nt	Q15042	RAB3GAP1	7|6	13	6.50	2	0|0|2|3	0.45	0.61	0.44	0.59	0.45	-0.90	2.60	0.17
ORF8-A549-Nt	Q92859	NEO1	5|5	10	5.00	2	0|0|11|10	0.00	0.00	0.00	0.00	0.00	-31.72	0.48	0.55
ORF8-A549-Nt	Q13439	GOLGA4	6|4	10	5.00	2	0|0|12|13	0.00	0.00	0.00	0.00	0.00	-42.10	0.40	0.55
ORF8-A549-Nt	Q92540	SMG7	3|2	5	2.50	2	0|0|7|11	0.00	0.00	0.00	0.00	0.00	-32.54	0.28	0.55
ORF8-A549-Nt	Q8TEW0	PARD3	4|10	14	7.00	2	0|0|19|21	0.00	0.00	0.00	0.00	0.00	-73.73	0.35	0.55
ORF8-A549-Nt	Q9H4A3	WNK1	6|3	9	4.50	2	0|0|28|29	0.00	0.00	0.00	0.00	0.00	-113.77	0.16	0.55
ORF8-A549-Nt	Q9Y4F3	MARF1	8|8	16	8.00	2	0|0|10|6	0.00	0.00	0.00	0.00	0.00	-17.20	1.00	0.39
ORF8-A549-Nt	Q99460	PSMD1	5|7	12	6.00	2	0|0|8|8	0.00	0.00	0.00	0.00	0.00	-21.61	0.75	0.40
ORF8-A549-Nt	P21291	CSRP1	6|6	12	6.00	2	0|0|8|10	0.00	0.00	0.00	0.00	0.00	-23.96	0.67	0.42
ORF8-A549-Nt	O94986	CEP152	7|13	20	10.00	2	0|0|20|18	0.00	0.00	0.00	0.00	0.00	-61.65	0.53	0.48
ORF8-A549-Nt	Q8TD43	TRPM4	3|3	6	3.00	2	0|0|0|0	1.00	1.00	1.00	1.00	1.00	5.33	30.00	0.00
ORF8-A549-Nt	Q96JP5	ZFP91	6|6	12	6.00	2	0|0|15|16	0.00	0.00	0.00	0.00	0.00	-49.72	0.39	0.55
ORF8-A549-Nt	Q14244	MAP7	3|0	3	1.50	2	0|0|15|14	0.00	0.00	0.00	0.00	0.00	-63.59	0.10	0.55
ORF8-A549-Nt	P28331	NDUFS1	4|5	9	4.50	2	0|0|0|0	1.00	1.00	1.00	1.00	1.00	7.10	45.00	0.00
ORF8-A549-Nt	Q15424	SAFB	7|6	13	6.50	2	0|0|28|27	0.00	0.00	0.00	0.00	0.00	-100.01	0.24	0.55
ORF8-A549-Nt	P57737	CORO7	10|0	10	5.00	2	0|0|0|35	0.00	0.00	0.00	0.00	0.00	-75.29	0.29	0.48
ORF8-A549-Nt	P39880	CUX1	2|3	5	2.50	2	0|0|16|13	0.00	0.00	0.00	0.00	0.00	-56.12	0.17	0.55
ORF8-A549-Nt	P62491	RAB11A	5|3	8	4.00	2	0|0|0|0	1.00	1.00	1.00	1.00	1.00	5.36	40.00	0.00
ORF8-A549-Nt	Q01813	PFKP	10|12	22	11.00	2	0|0|8|8	0.00	0.00	0.00	0.00	0.00	-14.32	1.38	0.35
ORF8-A549-Nt	Q8N6H7	ARFGAP2	5|7	12	6.00	2	0|0|5|5	0.00	0.00	0.00	0.00	0.00	-10.98	1.20	0.30
ORF8-A549-Nt	Q92667	AKAP1	4|3	7	3.50	2	0|0|4|3	0.00	0.00	0.00	0.00	0.00	-8.58	1.00	0.29
ORF8-A549-Nt	O60563	CCNT1	3|2	5	2.50	2	0|0|11|10	0.00	0.00	0.00	0.00	0.00	-38.93	0.24	0.55
ORF8-A549-Nt	Q9UQN3	CHMP2B	3|2	5	2.50	2	0|0|4|5	0.00	0.00	0.00	0.00	0.00	-14.03	0.56	0.35
ORF8-A549-Nt	Q13190	STX5	11|11	22	11.00	2	0|0|5|0	0.88	0.88	0.87	0.87	0.88	1.95	4.40	0.01
ORF8-A549-Nt	P10599	TXN	19|20	39	19.50	2	2|3|136|48	0.00	0.00	0.00	0.00	0.00	-335.98	0.21	0.55
ORF8-A549-Nt	P30622	CLIP1	2|0	2	1.00	2	0|0|27|21	0.00	0.00	0.00	0.00	0.00	-106.07	0.04	0.55
ORF8-A549-Nt	Q13470	TNK1	2|2	4	2.00	2	0|0|9|6	0.00	0.00	0.00	0.00	0.00	-26.27	0.27	0.55
ORF8-A549-Nt	Q9UPM8	AP4E1	4|6	10	5.00	2	0|0|34|24	0.00	0.00	0.00	0.00	0.00	-112.40	0.17	0.55
ORF8-A549-Nt	Q8TEQ6	GEMIN5	3|0	3	1.50	2	0|0|6|9	0.00	0.00	0.00	0.00	0.00	-32.29	0.20	0.55
ORF8-A549-Nt	Q9UM00	TMCO1	2|2	4	2.00	2	0|0|0|0	0.97	0.97	0.97	0.97	0.97	3.65	20.00	0.00
ORF8-A549-Nt	Q13045	FLII	3|8	11	5.50	2	0|0|4|10	0.00	0.00	0.00	0.00	0.00	-21.54	0.79	0.36
ORF8-A549-Nt	Q14807	KIF22	2|2	4	2.00	2	0|0|5|9	0.00	0.00	0.00	0.00	0.00	-24.21	0.29	0.55
ORF8-A549-Nt	Q53EU6	GPAT3	6|4	10	5.00	2	0|0|0|0	1.00	1.00	1.00	1.00	1.00	7.07	50.00	0.00
ORF8-A549-Nt	Q14789	GOLGB1	53|30	83	41.50	2	0|0|57|78	0.00	0.00	0.00	0.00	0.00	-206.58	0.61	0.53
ORF8-A549-Nt	Q9UNQ0	ABCG2	3|2	5	2.50	2	0|0|0|0	0.98	1.00	0.98	1.00	0.98	3.49	25.00	0.00
ORF8-A549-Nt	Q9UBC2	EPS15L1	3|3	6	3.00	2	0|0|24|26	0.00	0.00	0.00	0.00	0.00	-98.47	0.12	0.55
ORF8-A549-Nt	P10620	MGST1	3|3	6	3.00	2	0|0|3|0	0.26	0.26	0.24	0.24	0.26	-1.16	2.00	0.19
ORF8-A549-Nt	O75970	MPDZ	4|2	6	3.00	2	0|0|3|2	0.02	0.03	0.01	0.03	0.02	-6.49	1.20	0.24
ORF8-A549-Nt	O14617	AP3D1	6|3	9	4.50	2	0|0|16|12	0.00	0.00	0.00	0.00	0.00	-50.89	0.32	0.55
ORF8-A549-Nt	Q5JTV8	TOR1AIP1	9|9	18	9.00	2	0|0|0|0	1.00	1.00	1.00	1.00	1.00	15.14	90.00	0.00
ORF8-A549-Nt	Q86W74	ANKRD46	6|5	11	5.50	2	0|0|0|0	1.00	1.00	1.00	1.00	1.00	8.75	55.00	0.00
ORF8-A549-Nt	P40429	RPL13A	5|5	10	5.00	2	3|0|3|0	0.02	0.02	0.02	0.02	0.02	-3.82	1.67	0.24
ORF8-A549-Nt	Q9ULK4	MED23	12|9	21	10.50	2	0|0|31|26	0.00	0.00	0.00	0.00	0.00	-96.15	0.37	0.55
ORF8-A549-Nt	Q8IWW6	ARHGAP12	4|2	6	3.00	2	0|0|11|16	0.00	0.00	0.00	0.00	0.00	-51.80	0.22	0.55
ORF8-A549-Nt	Q7Z4H7	HAUS6	30|29	59	29.50	2	0|0|67|65	0.00	0.00	0.00	0.00	0.00	-203.34	0.45	0.55
ORF8-A549-Nt	Q9Y314	NOSIP	3|4	7	3.50	2	0|0|16|15	0.00	0.00	0.00	0.00	0.00	-57.40	0.23	0.55
ORF8-A549-Nt	P53990	IST1	3|3	6	3.00	2	0|0|10|12	0.00	0.00	0.00	0.00	0.00	-38.33	0.27	0.55
ORF8-A549-Nt	P61923	COPZ1	2|0	2	1.00	2	0|0|3|2	0.00	0.00	0.00	0.00	0.00	-10.51	0.40	0.28
ORF8-A549-Nt	Q6PJP8	DCLRE1A	9|7	16	8.00	2	0|0|17|18	0.00	0.00	0.00	0.00	0.00	-55.60	0.46	0.48
ORF8-A549-Nt	Q8IWB1	ITPRIP	3|2	5	2.50	2	0|0|0|0	0.98	1.00	0.98	1.00	0.98	3.49	25.00	0.00
ORF8-A549-Nt	Q12931	TRAP1	8|6	14	7.00	2	0|0|0|0	1.00	1.00	1.00	1.00	1.00	10.39	70.00	0.00
ORF8-A549-Nt	O96005	CLPTM1	4|0	4	2.00	2	0|0|0|0	0.50	1.00	0.50	1.00	0.50	-1.05	20.00	0.05
ORF8-A549-Nt	P14868	DARS1	3|4	7	3.50	2	0|0|0|0	1.00	1.00	1.00	1.00	1.00	5.49	35.00	0.00
ORF8-A549-Nt	Q08211	DHX9	17|17	34	17.00	2	0|0|20|21	0.00	0.00	0.00	0.00	0.00	-48.06	0.83	0.48
ORF8-A549-Nt	P41091	EIF2S3	3|4	7	3.50	2	0|0|6|2	0.00	0.00	0.00	0.00	0.00	-10.05	0.88	0.31
ORF8-A549-Nt	P23588	EIF4B	35|26	61	30.50	2	0|0|89|97	0.00	0.00	0.00	0.00	0.00	-322.63	0.33	0.55
ORF8-A549-Nt	Q12789	GTF3C1	15|12	27	13.50	2	0|0|20|18	0.00	0.00	0.00	0.00	0.00	-51.34	0.71	0.48
ORF8-A549-Nt	P78318	IGBP1	16|17	33	16.50	2	0|0|36|40	0.00	0.00	0.00	0.00	0.00	-118.63	0.43	0.55
ORF8-A549-Nt	P49588	AARS1	6|3	9	4.50	2	0|0|8|7	0.00	0.00	0.00	0.00	0.00	-23.94	0.60	0.40
ORF8-A549-Nt	P06576	ATP5F1B	3|6	9	4.50	2	0|0|7|5	0.00	0.00	0.00	0.00	0.00	-17.94	0.75	0.36
ORF8-A549-Nt	P49069	CAMLG	5|2	7	3.50	2	0|0|0|0	0.99	1.00	0.99	1.00	0.99	3.49	35.00	0.00
ORF8-A549-Nt	P17812	CTPS1	2|2	4	2.00	2	0|0|12|9	0.00	0.00	0.00	0.00	0.00	-38.93	0.19	0.55
ORF8-A549-Nt	Q02413	DSG1	2|0	2	1.00	2	7|3|0|0	0.00	0.00	0.00	0.00	0.00	-21.22	0.20	0.55
ORF8-A549-Nt	Q14126	DSG2	19|16	35	17.50	2	0|0|17|17	0.00	0.00	0.00	0.00	0.00	-37.31	1.03	0.45
ORF8-A549-Nt	P13639	EEF2	47|34	81	40.50	2	0|0|51|44	0.00	0.00	0.00	0.00	0.00	-120.25	0.85	0.52
ORF8-A549-Nt	P55010	EIF5	4|2	6	3.00	2	0|0|14|10	0.00	0.00	0.00	0.00	0.00	-45.14	0.25	0.55
ORF8-A549-Nt	P22626	HNRNPA2B1	7|6	13	6.50	2	0|0|19|21	0.00	0.00	0.00	0.00	0.00	-68.31	0.33	0.55
ORF8-A549-Nt	P61978	HNRNPK	15|18	33	16.50	2	0|0|35|38	0.00	0.00	0.00	0.00	0.00	-114.85	0.45	0.55
ORF8-A549-Nt	P10809	HSPD1	19|12	31	15.50	2	0|0|6|3	0.79	1.00	0.81	1.00	0.81	0.53	3.44	0.01
ORF8-A549-Nt	P18084	ITGB5	10|15	25	12.50	2	0|0|0|0	1.00	1.00	1.00	1.00	1.00	16.74	125.00	0.00
ORF8-A549-Nt	P14923	JUP	16|11	27	13.50	2	12|2|25|22	0.00	0.00	0.00	0.00	0.00	-70.93	0.57	0.50
ORF8-A549-Nt	Q14739	LBR	38|39	77	38.50	2	0|0|18|15	0.01	0.02	0.01	0.01	0.01	-5.52	2.33	0.25
ORF8-A549-Nt	Q99567	NUP88	4|2	6	3.00	2	0|0|8|7	0.00	0.00	0.00	0.00	0.00	-26.27	0.40	0.42
ORF8-A549-Nt	P52209	PGD	11|13	24	12.00	2	0|0|18|17	0.00	0.00	0.00	0.00	0.00	-47.40	0.69	0.47
ORF8-A549-Nt	Q00325	SLC25A3	15|17	32	16.00	2	3|2|7|8	0.03	0.05	0.04	0.07	0.04	-5.18	2.13	0.23
ORF8-A549-Nt	P17980	PSMC3	9|14	23	11.50	2	0|0|11|14	0.00	0.00	0.00	0.00	0.00	-31.51	0.92	0.43
ORF8-A549-Nt	Q13200	PSMD2	2|2	4	2.00	2	0|0|0|0	0.97	0.97	0.98	0.98	0.98	3.95	20.00	0.00
ORF8-A549-Nt	P55036	PSMD4	2|0	2	1.00	2	0|0|0|0	0.49	0.97	0.49	0.98	0.49	-0.67	10.00	0.11
ORF8-A549-Nt	P18031	PTPN1	15|14	29	14.50	2	0|0|0|0	1.00	1.00	1.00	1.00	1.00	23.09	145.00	0.00
ORF8-A549-Nt	P46063	RECQL	5|6	11	5.50	2	0|0|7|4	0.00	0.00	0.00	0.00	0.00	-12.75	1.00	0.34
ORF8-A549-Nt	Q92900	UPF1	25|28	53	26.50	2	0|0|55|54	0.00	0.00	0.00	0.00	0.00	-165.49	0.49	0.53
ORF8-A549-Nt	P04843	RPN1	2|5	7	3.50	2	0|0|0|0	0.99	1.00	0.99	1.00	0.99	4.17	35.00	0.00
ORF8-A549-Nt	P15880	RPS2	4|2	6	3.00	2	2|0|10|10	0.00	0.00	0.00	0.00	0.00	-36.59	0.30	0.55
ORF8-A549-Nt	Q16658	FSCN1	7|9	16	8.00	2	0|0|0|0	1.00	1.00	1.00	1.00	1.00	12.05	80.00	0.00
ORF8-A549-Nt	P14678	SNRPB	4|3	7	3.50	2	0|0|9|9	0.00	0.00	0.00	0.00	0.00	-29.98	0.39	0.55
ORF8-A549-Nt	Q08945	SSRP1	10|10	20	10.00	2	0|0|16|15	0.00	0.00	0.00	0.00	0.00	-41.50	0.65	0.47
ORF8-A549-Nt	P40763	STAT3	31|29	60	30.00	2	0|0|94|78	0.00	0.00	0.00	0.00	0.00	-285.39	0.35	0.55
ORF8-A549-Nt	Q13586	STIM1	92|90	182	91.00	2	0|0|42|46	0.00	0.00	0.00	0.00	0.00	-28.32	2.07	0.43
ORF8-A549-Nt	P78536	ADAM17	3|6	9	4.50	2	0|0|0|0	1.00	1.00	1.00	1.00	1.00	5.44	45.00	0.00
ORF8-A549-Nt	Q99614	TTC1	4|3	7	3.50	2	0|0|9|7	0.00	0.00	0.00	0.00	0.00	-25.72	0.44	0.55
ORF8-A549-Nt	P18206	VCL	3|4	7	3.50	2	0|0|24|20	0.00	0.00	0.00	0.00	0.00	-85.34	0.16	0.55
ORF8-A549-Nt	Q93009	USP7	20|19	39	19.50	2	0|0|47|55	0.00	0.00	0.00	0.00	0.00	-164.71	0.38	0.55
ORF8-A549-Nt	Q9P0L0	VAPA	11|9	20	10.00	2	0|0|0|0	1.00	1.00	1.00	1.00	1.00	15.41	100.00	0.00
ORF8-A549-Nt	O75363	BCAS1	7|9	16	8.00	2	0|0|4|3	0.25	0.44	0.23	0.41	0.25	-2.97	2.29	0.19
ORF8-A549-Nt	Q14152	EIF3A	2|0	2	1.00	2	0|0|11|14	0.00	0.00	0.00	0.00	0.00	-54.66	0.08	0.55
ORF8-A549-Nt	O00303	EIF3F	7|5	12	6.00	2	0|0|7|5	0.00	0.00	0.00	0.00	0.00	-14.49	1.00	0.35
ORF8-A549-Nt	O15372	EIF3H	6|5	11	5.50	2	0|0|14|15	0.00	0.00	0.00	0.00	0.00	-47.95	0.38	0.55
ORF8-A549-Nt	Q13443	ADAM9	3|3	6	3.00	2	0|0|0|0	1.00	1.00	1.00	1.00	1.00	5.33	30.00	0.00
ORF8-A549-Nt	O95470	SGPL1	7|7	14	7.00	2	0|0|0|0	1.00	1.00	1.00	1.00	1.00	12.05	70.00	0.00
ORF8-A549-Nt	O95210	STBD1	14|16	30	15.00	2	0|0|0|0	1.00	1.00	1.00	1.00	1.00	22.76	150.00	0.00
ORF8-A549-Nt	Q8NFJ5	GPRC5A	5|3	8	4.00	2	0|0|3|0	0.47	0.68	0.46	0.67	0.47	-1.11	2.67	0.17
ORF8-A549-Nt	P05198	EIF2S1	3|4	7	3.50	2	0|0|0|0	1.00	1.00	1.00	1.00	1.00	5.44	35.00	0.00
ORF8-A549-Nt	P49327	FASN	108|99	207	103.50	2	0|0|134|124	0.00	0.00	0.00	0.00	0.00	-315.09	0.80	0.54
ORF8-A549-Nt	P38646	HSPA9	3|4	7	3.50	2	0|0|2|0	0.66	0.76	0.65	0.74	0.66	0.21	3.50	0.01
ORF8-A549-Nt	Q14669	TRIP12	19|17	36	18.00	2	0|0|41|38	0.00	0.00	0.00	0.00	0.00	-122.57	0.46	0.55
ORF8-A549-Nt	Q15643	TRIP11	4|4	8	4.00	2	0|0|2|3	0.03	0.03	0.03	0.03	0.03	-3.59	1.60	0.23
ORF8-A549-Nt	Q15642	TRIP10	4|4	8	4.00	2	0|0|17|14	0.00	0.00	0.00	0.00	0.00	-54.53	0.26	0.55
ORF8-A549-Nt	O95864	FADS2	7|7	14	7.00	2	0|0|3|2	0.61	0.61	0.58	0.58	0.61	0.31	2.80	0.02
ORF8-A549-Nt	O75694	NUP155	4|0	4	2.00	2	0|0|0|0	0.50	1.00	0.50	1.00	0.50	-1.05	20.00	0.05
ORF8-A549-Nt	Q07960	ARHGAP1	13|10	23	11.50	2	0|0|7|5	0.02	0.04	0.02	0.04	0.02	-7.32	1.92	0.24
ORF8-A549-Nt	O43683	BUB1	6|4	10	5.00	2	0|0|18|21	0.00	0.00	0.00	0.00	0.00	-71.60	0.26	0.55
ORF8-A549-Nt	P27708	CAD	9|8	17	8.50	2	0|0|0|0	1.00	1.00	1.00	1.00	1.00	13.69	85.00	0.00
ORF8-A549-Nt	Q05682	CALD1	3|5	8	4.00	2	0|0|25|27	0.00	0.00	0.00	0.00	0.00	-102.83	0.15	0.55
ORF8-A549-Nt	P07814	EPRS1	5|4	9	4.50	2	0|0|28|21	0.00	0.00	0.00	0.00	0.00	-92.86	0.18	0.55
ORF8-A549-Nt	Q14254	FLOT2	5|5	10	5.00	2	0|0|0|2	0.86	0.86	0.86	0.86	0.86	1.78	5.00	0.01
ORF8-A549-Nt	Q08379	GOLGA2	7|6	13	6.50	2	0|0|10|11	0.00	0.00	0.00	0.00	0.00	-29.63	0.62	0.44
ORF8-A549-Nt	Q9NRY4	ARHGAP35	14|13	27	13.50	2	0|0|55|49	0.00	0.00	0.00	0.00	0.00	-184.53	0.26	0.55
ORF8-A549-Nt	Q00839	HNRNPU	10|10	20	10.00	2	11|0|21|25	0.00	0.00	0.00	0.00	0.00	-70.76	0.43	0.55
ORF8-A549-Nt	P52732	KIF11	6|4	10	5.00	2	0|0|21|16	0.00	0.00	0.00	0.00	0.00	-67.29	0.27	0.55
ORF8-A549-Nt	P55209	NAP1L1	4|5	9	4.50	2	0|0|8|9	0.00	0.00	0.00	0.00	0.00	-25.80	0.53	0.43
ORF8-A549-Nt	O95299	NDUFA10	5|6	11	5.50	2	0|0|0|0	1.00	1.00	1.00	1.00	1.00	8.84	55.00	0.00
ORF8-A549-Nt	P21980	TGM2	3|4	7	3.50	2	0|0|9|5	0.00	0.00	0.00	0.00	0.00	-21.89	0.50	0.41
ORF8-A549-Nt	Q13838	DDX39B	3|4	7	3.50	2	0|0|0|0	1.00	1.00	1.00	1.00	1.00	5.52	35.00	0.00
ORF8-A549-Nt	O43395	PRPF3	25|30	55	27.50	2	0|0|67|68	0.00	0.00	0.00	0.00	0.00	-218.71	0.41	0.55
ORF8-A549-Nt	O75911	DHRS3	4|2	6	3.00	2	0|0|0|0	0.99	1.00	0.98	1.00	0.99	3.49	30.00	0.00
ORF8-A549-Nt	Q9UFF9	CNOT8	3|2	5	2.50	2	0|0|16|11	0.00	0.00	0.00	0.00	0.00	-51.80	0.19	0.55
ORF8-A549-Nt	O95721	SNAP29	9|8	17	8.50	2	0|0|9|9	0.00	0.00	0.00	0.00	0.00	-20.53	0.94	0.40
ORF8-A549-Nt	O43396	TXNL1	25|26	51	25.50	2	0|0|0|0	1.00	1.00	1.00	1.00	1.00	39.07	255.00	0.00
ORF8-A549-Nt	Q02241	KIF23	4|5	9	4.50	2	0|0|31|24	0.00	0.00	0.00	0.00	0.00	-106.06	0.16	0.55
ORF8-A549-Nt	O15126	SCAMP1	3|0	3	1.50	2	0|0|0|0	0.50	1.00	0.50	1.00	0.50	-1.05	15.00	0.07
ORF8-A549-Nt	O75396	SEC22B	23|31	54	27.00	2	0|0|5|5	1.00	1.00	1.00	1.00	1.00	11.55	5.40	0.00
ORF8-A549-Nt	P33527	ABCC1	7|5	12	6.00	2	0|0|0|0	1.00	1.00	1.00	1.00	1.00	8.97	60.00	0.00
ORF8-A549-Nt	Q9UM54	MYO6	28|30	58	29.00	2	0|0|61|64	0.00	0.00	0.00	0.00	0.00	-191.27	0.46	0.55
ORF8-A549-Nt	Q14258	TRIM25	8|8	16	8.00	2	0|0|28|33	0.00	0.00	0.00	0.00	0.00	-107.20	0.26	0.55
ORF8-A549-Nt	P35658	NUP214	37|35	72	36.00	2	0|0|68|75	0.00	0.00	0.00	0.00	0.00	-212.33	0.50	0.54
ORF8-A549-Nt	Q02952	AKAP12	15|10	25	12.50	2	0|0|26|21	0.00	0.00	0.00	0.00	0.00	-73.25	0.53	0.50
ORF8-A549-Nt	O75083	WDR1	3|7	10	5.00	2	0|0|0|2	0.76	0.96	0.75	0.96	0.76	0.21	5.00	0.01
ORF8-A549-Nt	Q8TBA6	GOLGA5	7|10	17	8.50	2	0|0|8|7	0.00	0.00	0.00	0.00	0.00	-16.81	1.13	0.36
ORF8-A549-Nt	Q14764	MVP	10|6	16	8.00	2	0|0|49|42	0.00	0.00	0.00	0.00	0.00	-177.64	0.18	0.55
ORF8-A549-Nt	Q9Y2W1	THRAP3	5|6	11	5.50	2	0|0|31|27	0.00	0.00	0.00	0.00	0.00	-109.40	0.19	0.55
ORF8-A549-Nt	P49790	NUP153	27|26	53	26.50	2	0|0|84|84	0.00	0.00	0.00	0.00	0.00	-284.56	0.32	0.55
ORF8-A549-Nt	O43290	SART1	20|16	36	18.00	2	0|0|55|55	0.00	0.00	0.00	0.00	0.00	-189.15	0.33	0.55
ORF8-A549-Nt	P51610	HCFC1	18|17	35	17.50	2	0|0|32|27	0.00	0.00	0.00	0.00	0.00	-82.63	0.59	0.51
ORF8-A549-Nt	Q8WWI1	LMO7	4|6	10	5.00	2	0|0|43|38	0.00	0.00	0.00	0.00	0.00	-162.82	0.12	0.55
ORF8-A549-Nt	P19338	NCL	13|10	23	11.50	2	0|0|31|32	0.00	0.00	0.00	0.00	0.00	-106.14	0.37	0.55
ORF8-A549-Nt	P49959	MRE11	6|6	12	6.00	2	0|0|26|27	0.00	0.00	0.00	0.00	0.00	-95.75	0.23	0.55
ORF8-A549-Nt	Q15382	RHEB	6|4	10	5.00	2	0|0|12|11	0.00	0.00	0.00	0.00	0.00	-37.92	0.43	0.45
ORF8-A549-Nt	Q15545	TAF7	6|11	17	8.50	2	0|0|20|17	0.00	0.00	0.00	0.00	0.00	-62.08	0.46	0.48
ORF8-A549-Nt	Q00765	REEP5	3|0	3	1.50	2	0|0|0|0	0.50	1.00	0.50	1.00	0.50	-1.05	15.00	0.07
ORF8-A549-Nt	O00124	UBXN8	5|6	11	5.50	2	0|0|0|0	1.00	1.00	1.00	1.00	1.00	8.78	55.00	0.00
ORF8-A549-Nt	O00429	DNM1L	20|19	39	19.50	2	0|0|42|48	0.00	0.00	0.00	0.00	0.00	-140.43	0.43	0.55
ORF8-A549-Nt	Q9UG63	ABCF2	9|8	17	8.50	2	0|0|27|21	0.00	0.00	0.00	0.00	0.00	-79.86	0.35	0.55
ORF8-A549-Nt	P43490	NAMPT	3|3	6	3.00	2	0|0|3|2	0.01	0.01	0.01	0.01	0.01	-5.06	1.20	0.25
ORF8-A549-Nt	Q13263	TRIM28	4|3	7	3.50	2	0|0|27|27	0.00	0.00	0.00	0.00	0.00	-107.20	0.13	0.55
ORF8-A549-Nt	O00487	PSMD14	2|2	4	2.00	2	0|0|6|6	0.00	0.00	0.00	0.00	0.00	-19.92	0.33	0.55
ORF8-A549-Nt	Q92665	MRPS31	21|21	42	21.00	2	0|0|0|0	1.00	1.00	1.00	1.00	1.00	33.21	210.00	0.00
ORF8-A549-Nt	O15155	BET1	5|3	8	4.00	2	0|0|0|0	1.00	1.00	1.00	1.00	1.00	5.39	40.00	0.00
ORF8-A549-Nt	P31153	MAT2A	7|7	14	7.00	2	0|0|8|5	0.00	0.00	0.00	0.00	0.00	-13.36	1.08	0.36
ORF8-A549-Nt	Q13506	NAB1	3|2	5	2.50	2	0|0|10|14	0.00	0.00	0.00	0.00	0.00	-45.27	0.21	0.55
ORF8-A549-Nt	P52272	HNRNPM	27|24	51	25.50	2	0|0|48|51	0.00	0.00	0.00	0.00	0.00	-147.61	0.52	0.53
ORF8-A549-Nt	Q13123	IK	5|6	11	5.50	2	0|0|25|26	0.00	0.00	0.00	0.00	0.00	-94.36	0.22	0.55
ORF8-A549-Nt	P63244	RACK1	12|9	21	10.50	2	17|2|9|6	0.00	0.00	0.00	0.00	0.00	-33.22	0.81	0.44
ORF8-A549-Nt	Q14980	NUMA1	6|0	6	3.00	2	0|0|39|35	0.00	0.00	0.00	0.00	0.00	-164.36	0.08	0.55
ORF8-A549-Nt	Q15154	PCM1	18|17	35	17.50	2	0|0|16|14	0.00	0.00	0.00	0.00	0.00	-28.83	1.17	0.44
ORF8-A549-Nt	P62826	RAN	21|19	40	20.00	2	7|3|17|16	0.00	0.00	0.00	0.00	0.00	-31.14	1.21	0.44
ORF8-A549-Nt	O43615	TIMM44	5|10	15	7.50	2	0|0|0|0	1.00	1.00	1.00	1.00	1.00	8.81	75.00	0.00
ORF8-A549-Nt	Q8IWX8	CHERP	3|3	6	3.00	2	0|0|21|18	0.00	0.00	0.00	0.00	0.00	-74.60	0.15	0.55
ORF8-A549-Nt	O95373	IPO7	6|5	11	5.50	2	0|0|22|16	0.00	0.00	0.00	0.00	0.00	-66.71	0.29	0.55
ORF8-A549-Nt	O75915	ARL6IP5	2|4	6	3.00	2	0|0|0|0	0.99	1.00	0.99	1.00	0.99	3.57	30.00	0.00
ORF8-A549-Nt	Q9UKK3	PARP4	32|23	55	27.50	2	0|0|39|35	0.00	0.00	0.00	0.00	0.00	-100.27	0.74	0.51
ORF8-A549-Nt	Q6P2Q9	PRPF8	15|14	29	14.50	2	0|0|22|11	0.00	0.00	0.00	0.00	0.00	-37.79	0.88	0.46
ORF8-A549-Nt	Q96R06	SPAG5	7|8	15	7.50	2	0|0|35|37	0.00	0.00	0.00	0.00	0.00	-133.46	0.21	0.55
ORF8-A549-Nt	P11166	SLC2A1	4|5	9	4.50	2	0|0|0|0	1.00	1.00	1.00	1.00	1.00	7.13	45.00	0.00
ORF8-A549-Nt	O15498	YKT6	5|6	11	5.50	2	0|0|0|0	1.00	1.00	1.00	1.00	1.00	8.92	55.00	0.00
ORF8-A549-Nt	P50990	CCT8	217|234	451	225.50	2	0|0|290|266	0.00	0.00	0.00	0.00	0.00	-672.29	0.81	0.55
ORF8-A549-Nt	Q9Y266	NUDC	18|19	37	18.50	2	0|0|23|33	0.00	0.00	0.00	0.00	0.00	-74.52	0.66	0.50
ORF8-A549-Nt	P33992	MCM5	5|2	7	3.50	2	0|0|0|0	0.99	1.00	0.99	1.00	0.99	3.68	35.00	0.00
ORF8-A549-Nt	P31948	STIP1	5|7	12	6.00	2	0|0|12|12	0.00	0.00	0.00	0.00	0.00	-37.61	0.50	0.45
ORF8-A549-Nt	Q07065	CKAP4	15|15	30	15.00	2	0|0|0|0	1.00	1.00	1.00	1.00	1.00	24.32	150.00	0.00
ORF8-A549-Nt	Q13435	SF3B2	10|8	18	9.00	2	0|0|38|36	0.00	0.00	0.00	0.00	0.00	-134.81	0.24	0.55
ORF8-A549-Nt	P62314	SNRPD1	5|2	7	3.50	2	0|0|0|0	0.99	1.00	0.99	1.00	0.99	3.49	35.00	0.00
ORF8-A549-Nt	O95359	TACC2	32|36	68	34.00	2	0|0|83|86	0.00	0.00	0.00	0.00	0.00	-272.06	0.40	0.55
ORF8-A549-Nt	Q9BUJ2	HNRNPUL1	4|3	7	3.50	2	0|0|18|18	0.00	0.00	0.00	0.00	0.00	-68.09	0.19	0.55
ORF8-A549-Nt	O14802	POLR3A	6|0	6	3.00	2	0|0|0|0	0.50	1.00	0.50	1.00	0.50	-1.02	30.00	0.04
ORF8-A549-Nt	P82094	TMF1	7|10	17	8.50	2	0|0|30|33	0.00	0.00	0.00	0.00	0.00	-114.21	0.27	0.55
ORF8-A549-Nt	P55072	VCP	14|9	23	11.50	2	0|0|23|20	0.00	0.00	0.00	0.00	0.00	-66.50	0.53	0.49
ORF8-A549-Nt	Q9Y6Y8	SEC23IP	12|10	22	11.00	2	0|0|22|21	0.00	0.00	0.00	0.00	0.00	-65.15	0.51	0.50
ORF8-A549-Nt	Q9UGP8	SEC63	3|2	5	2.50	2	0|0|0|0	0.98	1.00	0.98	1.00	0.98	3.49	25.00	0.00
ORF8-A549-Nt	Q96H20	SNF8	2|4	6	3.00	2	0|0|7|8	0.00	0.00	0.00	0.00	0.00	-26.27	0.40	0.42
ORF8-A549-Nt	Q8WWM7	ATXN2L	11|13	24	12.00	2	0|0|42|35	0.00	0.00	0.00	0.00	0.00	-132.93	0.31	0.55
ORF8-A549-Nt	O95372	LYPLA2	19|20	39	19.50	2	0|0|31|39	0.00	0.00	0.00	0.00	0.00	-100.28	0.56	0.52
ORF8-A549-Nt	Q86XP3	DDX42	12|12	24	12.00	2	0|0|50|46	0.00	0.00	0.00	0.00	0.00	-170.35	0.25	0.55
ORF8-A549-Nt	Q13148	TARDBP	4|0	4	2.00	2	0|0|6|11	0.00	0.00	0.00	0.00	0.00	-36.75	0.24	0.55
ORF8-A549-Nt	P48643	CCT5	15|9	24	12.00	2	0|0|22|19	0.00	0.00	0.00	0.00	0.00	-63.21	0.59	0.49
ORF8-A549-Nt	Q9Y5K6	CD2AP	25|23	48	24.00	2	0|0|64|68	0.00	0.00	0.00	0.00	0.00	-217.35	0.36	0.55
ORF8-A549-Nt	Q14318	FKBP8	4|7	11	5.50	2	0|0|0|0	1.00	1.00	1.00	1.00	1.00	7.21	55.00	0.00
ORF8-A549-Nt	Q6NZI2	CAVIN1	6|5	11	5.50	2	0|0|0|0	1.00	1.00	1.00	1.00	1.00	8.75	55.00	0.00
ORF8-A549-Nt	Q13573	SNW1	7|6	13	6.50	2	0|0|26|24	0.00	0.00	0.00	0.00	0.00	-89.37	0.26	0.55
ORF8-A549-Nt	O15031	PLXNB2	2|0	2	1.00	2	0|0|0|0	0.49	0.97	0.49	0.97	0.49	-1.05	10.00	0.11
ORF8-A549-Nt	Q15393	SF3B3	19|18	37	18.50	2	0|0|27|27	0.00	0.00	0.00	0.00	0.00	-70.93	0.69	0.50
ORF8-A549-Nt	Q9Y2X9	ZNF281	42|54	96	48.00	2	0|0|82|90	0.00	0.00	0.00	0.00	0.00	-255.71	0.56	0.54
ORF8-A549-Nt	Q9HCU5	PREB	3|0	3	1.50	2	0|0|0|0	0.50	1.00	0.50	1.00	0.50	-1.05	15.00	0.07
ORF8-A549-Nt	Q92620	DHX38	5|5	10	5.00	2	0|0|35|34	0.00	0.00	0.00	0.00	0.00	-133.15	0.14	0.55
ORF8-A549-Nt	O75643	SNRNP200	29|19	48	24.00	2	0|0|79|70	0.00	0.00	0.00	0.00	0.00	-263.36	0.32	0.55
ORF8-A549-Nt	Q9UKK9	NUDT5	3|3	6	3.00	2	0|0|8|10	0.00	0.00	0.00	0.00	0.00	-30.03	0.33	0.55
ORF8-A549-Nt	Q9UGP4	LIMD1	5|4	9	4.50	2	0|0|13|15	0.00	0.00	0.00	0.00	0.00	-48.33	0.32	0.55
ORF8-A549-Nt	Q15629	TRAM1	2|0	2	1.00	2	0|0|0|0	0.49	0.97	0.49	0.97	0.49	-1.02	10.00	0.11
ORF8-A549-Nt	Q9Y5X3	SNX5	6|8	14	7.00	2	0|0|9|11	0.00	0.00	0.00	0.00	0.00	-27.64	0.70	0.43
ORF8-A549-Nt	Q9P0V3	SH3BP4	14|16	30	15.00	2	0|0|19|18	0.00	0.00	0.00	0.00	0.00	-45.93	0.81	0.47
ORF8-A549-Nt	Q9NZN4	EHD2	3|0	3	1.50	2	0|0|6|5	0.00	0.00	0.00	0.00	0.00	-23.59	0.27	0.38
ORF8-A549-Nt	Q92575	UBXN4	9|7	16	8.00	2	0|0|0|0	1.00	1.00	1.00	1.00	1.00	12.02	80.00	0.00
ORF8-A549-Nt	Q9NZB2	FAM120A	2|0	2	1.00	2	0|0|13|14	0.00	0.00	0.00	0.00	0.00	-59.12	0.07	0.55
ORF8-A549-Nt	O94851	MICAL2	3|3	6	3.00	2	0|0|0|0	1.00	1.00	1.00	1.00	1.00	5.33	30.00	0.00
ORF8-A549-Nt	Q14151	SAFB2	7|0	7	3.50	2	0|0|32|35	0.00	0.00	0.00	0.00	0.00	-148.66	0.10	0.55
ORF8-A549-Nt	Q96BY6	DOCK10	5|4	9	4.50	2	0|0|6|3	0.00	0.00	0.00	0.00	0.00	-10.68	1.00	0.32
ORF8-A549-Nt	Q5VT06	CEP350	68|67	135	67.50	2	0|0|51|45	0.00	0.00	0.00	0.00	0.00	-73.16	1.41	0.50
ORF8-A549-Nt	Q7L014	DDX46	45|33	78	39.00	2	0|0|105|100	0.00	0.00	0.00	0.00	0.00	-344.31	0.38	0.55
ORF8-A549-Nt	O15027	SEC16A	67|63	130	65.00	2	0|0|51|52	0.00	0.00	0.00	0.00	0.00	-90.88	1.26	0.51
ORF8-A549-Nt	Q13442	PDAP1	5|6	11	5.50	2	0|0|13|12	0.00	0.00	0.00	0.00	0.00	-39.77	0.44	0.55
ORF8-A549-Nt	Q8N1G2	CMTR1	6|3	9	4.50	2	0|0|39|39	0.00	0.00	0.00	0.00	0.00	-159.92	0.12	0.55
ORF8-A549-Nt	Q86XL3	ANKLE2	61|51	112	56.00	2	0|0|18|18	1.00	1.00	1.00	1.00	1.00	5.96	3.11	0.00
ORF8-A549-Nt	Q8TCU4	ALMS1	95|83	178	89.00	2	0|0|43|44	0.00	0.00	0.00	0.00	0.00	-36.07	2.05	0.41
ORF8-A549-Nt	Q6WCQ1	MPRIP	12|9	21	10.50	2	0|0|57|54	0.00	0.00	0.00	0.00	0.00	-211.40	0.19	0.55
ORF8-A549-Nt	Q9Y520	PRRC2C	9|5	14	7.00	2	0|0|31|28	0.00	0.00	0.00	0.00	0.00	-111.56	0.24	0.55
ORF8-A549-Nt	Q5VT52	RPRD2	7|8	15	7.50	2	0|0|29|30	0.00	0.00	0.00	0.00	0.00	-105.70	0.25	0.55
ORF8-A549-Nt	Q2PZI1	DPY19L1	5|4	9	4.50	2	0|0|0|0	1.00	1.00	1.00	1.00	1.00	7.07	45.00	0.00
ORF8-A549-Nt	Q9Y2G8	DNAJC16	16|13	29	14.50	2	0|0|0|0	1.00	1.00	1.00	1.00	1.00	21.31	145.00	0.00
ORF8-A549-Nt	Q6PKG0	LARP1	8|6	14	7.00	2	0|0|42|30	0.00	0.00	0.00	0.00	0.00	-136.27	0.19	0.55
ORF8-A549-Nt	Q15003	NCAPH	4|5	9	4.50	2	0|0|12|8	0.00	0.00	0.00	0.00	0.00	-31.83	0.45	0.55
ORF8-A549-Nt	Q92545	TMEM131	8|7	15	7.50	2	0|0|0|0	1.00	1.00	1.00	1.00	1.00	12.00	75.00	0.00
ORF8-A549-Nt	O95602	POLR1A	8|10	18	9.00	2	0|0|3|4	0.45	0.73	0.44	0.72	0.45	-1.60	2.57	0.17
ORF8-A549-Nt	Q5T5Y3	CAMSAP1	5|3	8	4.00	2	0|0|18|18	0.00	0.00	0.00	0.00	0.00	-68.12	0.22	0.55
ORF8-A549-Nt	Q4AC94	C2CD3	4|3	7	3.50	2	0|0|2|2	0.09	0.14	0.08	0.13	0.09	-3.31	1.75	0.21
ORF8-A549-Nt	Q5T3I0	GPATCH4	7|9	16	8.00	2	0|0|24|20	0.00	0.00	0.00	0.00	0.00	-74.13	0.36	0.55
ORF8-A549-Nt	Q9Y385	UBE2J1	3|2	5	2.50	2	0|0|0|0	0.98	1.00	0.98	1.00	0.98	3.54	25.00	0.00
ORF8-A549-Nt	Q9Y394	DHRS7	3|2	5	2.50	2	0|0|0|0	0.98	1.00	0.98	1.00	0.98	3.54	25.00	0.00
ORF8-A549-Nt	Q96BY9	SARAF	5|4	9	4.50	2	0|0|0|0	1.00	1.00	1.00	1.00	1.00	7.07	45.00	0.00
ORF8-A549-Nt	Q9Y6G5	COMMD10	8|7	15	7.50	2	0|0|14|13	0.00	0.00	0.00	0.00	0.00	-39.53	0.56	0.46
ORF8-A549-Nt	Q9UKF6	CPSF3	3|5	8	4.00	2	0|0|14|12	0.00	0.00	0.00	0.00	0.00	-46.75	0.31	0.55
ORF8-A549-Nt	Q9NR09	BIRC6	17|8	25	12.50	2	0|0|6|8	0.10	0.20	0.09	0.18	0.10	-13.68	1.79	0.21
ORF8-A549-Nt	Q5SSJ5	HP1BP3	2|0	2	1.00	2	0|0|18|16	0.00	0.00	0.00	0.00	0.00	-74.69	0.06	0.55
ORF8-A549-Nt	Q9UQ35	SRRM2	5|3	8	4.00	2	0|0|13|15	0.00	0.00	0.00	0.00	0.00	-50.99	0.29	0.55
ORF8-A549-Nt	Q9P035	HACD3	9|7	16	8.00	2	0|0|5|5	0.00	0.01	0.00	0.01	0.00	-7.84	1.60	0.26
ORF8-A549-Nt	O95551	TDP2	6|7	13	6.50	2	0|0|20|13	0.00	0.00	0.00	0.00	0.00	-53.67	0.39	0.55
ORF8-A549-Nt	Q9HBM0	VEZT	26|22	48	24.00	2	0|0|6|0	0.98	0.99	0.98	0.99	0.98	3.65	8.00	0.00
ORF8-A549-Nt	Q2NKX8	ERCC6L	27|31	58	29.00	2	0|0|95|90	0.00	0.00	0.00	0.00	0.00	-317.90	0.31	0.55
ORF8-A549-Nt	Q9NXH8	TOR4A	3|4	7	3.50	2	0|0|0|0	1.00	1.00	1.00	1.00	1.00	5.33	35.00	0.00
ORF8-A549-Nt	Q5VV42	CDKAL1	12|16	28	14.00	2	0|0|0|0	1.00	1.00	1.00	1.00	1.00	19.74	140.00	0.00
ORF8-A549-Nt	Q96EA4	SPDL1	7|8	15	7.50	2	0|0|17|16	0.00	0.00	0.00	0.00	0.00	-51.54	0.45	0.55
ORF8-A549-Nt	Q8N5Y8	PARP16	4|2	6	3.00	2	0|0|0|0	0.99	1.00	0.98	1.00	0.99	3.49	30.00	0.00
ORF8-A549-Nt	O75400	PRPF40A	4|4	8	4.00	2	0|0|20|16	0.00	0.00	0.00	0.00	0.00	-65.20	0.22	0.55
ORF8-A549-Nt	Q6IAA8	LAMTOR1	7|6	13	6.50	2	0|0|5|7	0.00	0.00	0.00	0.00	0.00	-13.00	1.08	0.35
ORF8-A549-Nt	Q5VZ89	DENND4C	22|20	42	21.00	2	0|0|40|30	0.00	0.00	0.00	0.00	0.00	-98.22	0.60	0.52
ORF8-A549-Nt	Q96EY7	PTCD3	13|15	28	14.00	2	0|0|0|0	1.00	1.00	1.00	1.00	1.00	21.26	140.00	0.00
ORF8-A549-Nt	Q6P3W7	SCYL2	3|4	7	3.50	2	0|0|18|15	0.00	0.00	0.00	0.00	0.00	-61.68	0.21	0.55
ORF8-A549-Nt	Q9BRR8	GPATCH1	51|57	108	54.00	2	0|0|76|85	0.00	0.00	0.00	0.00	0.00	-215.97	0.67	0.54
ORF8-A549-Nt	Q96BY7	ATG2B	2|0	2	1.00	2	0|0|12|11	0.00	0.00	0.00	0.00	0.00	-50.21	0.09	0.55
ORF8-A549-Nt	Q9NSE4	IARS2	64|70	134	67.00	2	0|0|14|13	1.00	1.00	1.00	1.00	1.00	33.37	4.96	0.00
ORF8-A549-Nt	Q9NRZ9	HELLS	120|123	243	121.50	2	0|0|215|218	0.00	0.00	0.00	0.00	0.00	-613.73	0.56	0.55
ORF8-A549-Nt	Q96P70	IPO9	2|0	2	1.00	2	0|0|6|7	0.00	0.00	0.00	0.00	0.00	-27.97	0.15	0.55
ORF8-A549-Nt	P57088	TMEM33	3|0	3	1.50	2	0|0|0|0	0.50	1.00	0.50	1.00	0.50	-1.05	15.00	0.07
ORF8-A549-Nt	Q8N5G2	MACO1	4|5	9	4.50	2	0|0|0|0	1.00	1.00	1.00	1.00	1.00	7.07	45.00	0.00
ORF8-A549-Nt	Q8N6T3	ARFGAP1	5|5	10	5.00	2	0|0|19|18	0.00	0.00	0.00	0.00	0.00	-64.62	0.27	0.55
ORF8-A549-Nt	Q8WUM0	NUP133	3|4	7	3.50	2	0|0|9|8	0.00	0.00	0.00	0.00	0.00	-28.00	0.41	0.55
ORF8-A549-Nt	Q6ZV73	FGD6	41|39	80	40.00	2	0|0|27|27	0.00	0.00	0.00	0.00	0.00	-39.58	1.48	0.46
ORF8-A549-Nt	Q9H089	LSG1	20|17	37	18.50	2	0|0|6|8	0.56	0.91	0.55	0.91	0.56	-1.40	2.64	0.02
ORF8-A549-Nt	Q5T6F2	UBAP2	14|15	29	14.50	2	0|0|32|29	0.00	0.00	0.00	0.00	0.00	-92.77	0.48	0.55
ORF8-A549-Nt	Q9NZ45	CISD1	3|4	7	3.50	2	0|0|0|0	1.00	1.00	1.00	1.00	1.00	5.44	35.00	0.00
ORF8-A549-Nt	Q9NZ43	USE1	8|8	16	8.00	2	0|0|3|0	0.91	0.91	0.91	0.91	0.91	2.30	5.33	0.00
ORF8-A549-Nt	Q8IWB9	TEX2	3|3	6	3.00	2	0|0|0|3	0.26	0.26	0.24	0.24	0.26	-1.16	2.00	0.19
ORF8-A549-Nt	Q9BXB1	LGR4	9|7	16	8.00	2	0|0|0|0	1.00	1.00	1.00	1.00	1.00	12.32	80.00	0.00
ORF8-A549-Nt	Q96AG4	LRRC59	16|14	30	15.00	2	0|0|3|3	1.00	1.00	1.00	1.00	1.00	6.92	5.00	0.00
ORF8-A549-Nt	Q8WTW3	COG1	4|7	11	5.50	2	0|0|36|33	0.00	0.00	0.00	0.00	0.00	-136.54	0.16	0.55
ORF8-A549-Nt	Q96EB1	ELP4	4|4	8	4.00	2	0|0|19|16	0.00	0.00	0.00	0.00	0.00	-63.04	0.23	0.55
ORF8-A549-Nt	Q9H0W8	SMG9	4|3	7	3.50	2	0|0|12|11	0.00	0.00	0.00	0.00	0.00	-40.45	0.30	0.55
ORF8-A549-Nt	Q9NPA0	EMC7	6|6	12	6.00	2	0|0|0|0	1.00	1.00	1.00	1.00	1.00	10.42	60.00	0.00
ORF8-A549-Nt	Q96RQ3	MCCC1	350|362	712	356.00	2	245|170|159|146	0.00	0.00	0.00	0.00	0.00	-259.13	1.72	0.54
ORF8-A549-Nt	Q7Z589	EMSY	6|4	10	5.00	2	0|0|9|10	0.00	0.00	0.00	0.00	0.00	-29.83	0.53	0.44
ORF8-A549-Nt	Q9HCS7	XAB2	89|113	202	101.00	2	0|0|208|202	0.00	0.00	0.00	0.00	0.00	-633.60	0.49	0.55
ORF8-A549-Nt	Q8WW12	PCNP	4|4	8	4.00	2	0|0|9|13	0.00	0.00	0.00	0.00	0.00	-35.91	0.36	0.55
ORF8-A549-Nt	P57740	NUP107	9|7	16	8.00	2	0|0|19|20	0.00	0.00	0.00	0.00	0.00	-63.52	0.41	0.55
ORF8-A549-Nt	Q3KR37	GRAMD1B	4|2	6	3.00	2	0|0|0|0	0.99	1.00	0.98	1.00	0.99	3.49	30.00	0.00
ORF8-A549-Nt	A0FGR8	ESYT2	8|6	14	7.00	2	0|0|0|3	0.85	0.91	0.85	0.90	0.85	1.32	4.67	0.01
ORF8-A549-Nt	Q7Z417	NUFIP2	12|14	26	13.00	2	0|0|25|29	0.00	0.00	0.00	0.00	0.00	-83.00	0.48	0.51
ORF8-A549-Nt	Q96FJ0	STAMBPL1	10|7	17	8.50	2	0|0|30|24	0.00	0.00	0.00	0.00	0.00	-95.05	0.31	0.55
ORF8-A549-Nt	Q8IWB7	WDFY1	2|2	4	2.00	2	0|0|11|7	0.00	0.00	0.00	0.00	0.00	-32.52	0.22	0.55
ORF8-A549-Nt	Q9P270	SLAIN2	7|8	15	7.50	2	0|0|20|22	0.00	0.00	0.00	0.00	0.00	-69.98	0.36	0.55
ORF8-A549-Nt	Q8TCG1	CIP2A	7|11	18	9.00	2	0|0|34|28	0.00	0.00	0.00	0.00	0.00	-112.02	0.29	0.55
ORF8-A549-Nt	O00151	PDLIM1	5|6	11	5.50	2	0|0|28|21	0.00	0.00	0.00	0.00	0.00	-90.02	0.22	0.55
ORF8-A549-Nt	P13010	XRCC5	10|6	16	8.00	2	0|0|38|28	0.00	0.00	0.00	0.00	0.00	-123.47	0.24	0.55
ORF8-A549-Nt	Q14019	COTL1	6|2	8	4.00	2	0|0|3|3	0.04	0.08	0.04	0.07	0.04	-8.21	1.33	0.23
ORF8-A549-Nt	Q8N163	CCAR2	16|13	29	14.50	2	0|0|35|32	0.00	0.00	0.00	0.00	0.00	-107.21	0.43	0.55
ORF8-A549-Nt	Q9UNH7	SNX6	4|4	8	4.00	2	0|0|6|7	0.00	0.00	0.00	0.00	0.00	-17.98	0.62	0.39
ORF8-A549-Nt	Q9HBF4	ZFYVE1	3|5	8	4.00	2	0|0|21|20	0.00	0.00	0.00	0.00	0.00	-78.92	0.20	0.55
ORF8-A549-Nt	Q6NUQ1	RINT1	3|5	8	4.00	2	0|0|2|0	0.71	0.86	0.70	0.84	0.71	0.19	4.00	0.01
ORF8-A549-Nt	Q9UQR1	ZNF148	3|2	5	2.50	2	0|0|27|28	0.00	0.00	0.00	0.00	0.00	-113.02	0.09	0.55
ORF8-A549-Nt	Q96KC8	DNAJC1	7|6	13	6.50	2	0|0|0|0	1.00	1.00	1.00	1.00	1.00	10.45	65.00	0.00
ORF8-A549-Nt	Q9H6S0	YTHDC2	9|6	15	7.50	2	0|0|23|17	0.00	0.00	0.00	0.00	0.00	-68.31	0.38	0.55
ORF8-A549-Nt	Q53H96	PYCR3	4|4	8	4.00	2	0|0|6|4	0.00	0.00	0.00	0.00	0.00	-12.39	0.80	0.35
ORF8-A549-Nt	Q96HY6	DDRGK1	7|9	16	8.00	2	0|0|0|0	1.00	1.00	1.00	1.00	1.00	12.05	80.00	0.00
ORF8-A549-Nt	Q9BVC6	TMEM109	3|4	7	3.50	2	0|0|0|0	1.00	1.00	1.00	1.00	1.00	5.33	35.00	0.00
ORF8-A549-Nt	Q8IW35	CEP97	13|8	21	10.50	2	0|0|40|34	0.00	0.00	0.00	0.00	0.00	-134.81	0.28	0.55
ORF8-A549-Nt	Q96JQ2	CLMN	16|17	33	16.50	2	0|0|26|24	0.00	0.00	0.00	0.00	0.00	-67.05	0.66	0.50
ORF8-A549-Nt	Q8WVV4	POF1B	4|6	10	5.00	2	0|0|20|21	0.00	0.00	0.00	0.00	0.00	-75.88	0.24	0.55
ORF8-A549-Nt	Q96SQ9	CYP2S1	3|4	7	3.50	2	0|0|4|3	0.00	0.00	0.00	0.00	0.00	-8.61	1.00	0.29
ORF8-A549-Nt	Q9H3N1	TMX1	5|6	11	5.50	2	0|0|0|0	1.00	1.00	1.00	1.00	1.00	8.75	55.00	0.00
ORF8-A549-Nt	Q9BX63	BRIP1	3|0	3	1.50	2	0|0|11|10	0.00	0.00	0.00	0.00	0.00	-45.75	0.14	0.55
ORF8-A549-Nt	Q9H0U3	MAGT1	3|3	6	3.00	2	0|0|0|0	1.00	1.00	1.00	1.00	1.00	5.44	30.00	0.00
ORF8-A549-Nt	Q8TEP8	CEP192	15|8	23	11.50	2	0|0|10|5	0.00	0.00	0.00	0.00	0.00	-15.23	1.53	0.28
ORF8-A549-Nt	Q96A49	SYAP1	25|23	48	24.00	2	0|0|23|23	0.00	0.00	0.00	0.00	0.00	-48.31	1.04	0.48
ORF8-A549-Nt	Q5SWA1	PPP1R15B	53|55	108	54.00	2	0|0|28|21	0.00	0.00	0.00	0.00	0.00	-12.35	2.20	0.33
ORF8-A549-Nt	Q96SK2	TMEM209	5|6	11	5.50	2	0|0|0|0	1.00	1.00	1.00	1.00	1.00	8.75	55.00	0.00
ORF8-A549-Nt	Q8IUC4	RHPN2	5|4	9	4.50	2	0|0|11|10	0.00	0.00	0.00	0.00	0.00	-33.88	0.43	0.55
ORF8-A549-Nt	Q8TCS8	PNPT1	15|12	27	13.50	2	0|0|0|0	1.00	1.00	1.00	1.00	1.00	19.74	135.00	0.00
ORF8-A549-Nt	Q8TD19	NEK9	5|5	10	5.00	2	0|0|21|15	0.00	0.00	0.00	0.00	0.00	-62.51	0.28	0.55
ORF8-A549-Nt	O15260	SURF4	7|6	13	6.50	2	0|0|6|5	0.00	0.00	0.00	0.00	0.00	-11.15	1.18	0.33
ORF8-A549-Nt	Q9C0C2	TNKS1BP1	36|40	76	38.00	2	0|0|109|87	0.00	0.00	0.00	0.00	0.00	-317.80	0.39	0.55
ORF8-A549-Nt	Q5SQN1	SNAP47	7|6	13	6.50	2	0|0|0|0	1.00	1.00	1.00	1.00	1.00	10.39	65.00	0.00
ORF8-A549-Nt	Q9H490	PIGU	5|5	10	5.00	2	0|0|0|0	1.00	1.00	1.00	1.00	1.00	8.75	50.00	0.00
ORF8-A549-Nt	Q8IWE2	FAM114A1	5|7	12	6.00	2	0|0|20|18	0.00	0.00	0.00	0.00	0.00	-66.71	0.32	0.55
ORF8-A549-Nt	Q9NZ01	TECR	4|3	7	3.50	2	0|0|2|0	0.66	0.76	0.68	0.77	0.68	0.38	3.50	0.01
ORF8-A549-Nt	Q5T7W7	TSTD2	5|5	10	5.00	2	0|0|17|16	0.00	0.00	0.00	0.00	0.00	-56.25	0.30	0.55
ORF8-A549-Nt	Q8NI36	WDR36	19|24	43	21.50	2	0|0|40|37	0.00	0.00	0.00	0.00	0.00	-114.20	0.56	0.52
ORF8-A549-Nt	Q8NG31	KNL1	23|18	41	20.50	2	0|0|26|28	0.00	0.00	0.00	0.00	0.00	-71.06	0.76	0.50
ORF8-A549-Nt	Q9H910	JPT2	13|16	29	14.50	2	0|0|50|55	0.00	0.00	0.00	0.00	0.00	-186.68	0.28	0.55
ORF8-A549-Nt	Q8TEV9	SMCR8	3|5	8	4.00	2	0|0|9|4	0.00	0.00	0.00	0.00	0.00	-19.74	0.62	0.39
ORF8-A549-Nt	Q8WUX9	CHMP7	6|6	12	6.00	2	0|0|13|15	0.00	0.00	0.00	0.00	0.00	-43.61	0.43	0.55
ORF8-A549-Nt	Q69YH5	CDCA2	9|8	17	8.50	2	0|0|25|24	0.00	0.00	0.00	0.00	0.00	-82.05	0.35	0.55
ORF8-A549-Nt	P46977	STT3A	5|4	9	4.50	2	0|0|0|0	1.00	1.00	1.00	1.00	1.00	7.07	45.00	0.00
ORF8-A549-Nt	Q86TB9	PATL1	6|5	11	5.50	2	0|0|16|19	0.00	0.00	0.00	0.00	0.00	-60.42	0.31	0.55
ORF8-A549-Nt	Q6R327	RICTOR	10|12	22	11.00	2	0|0|23|19	0.00	0.00	0.00	0.00	0.00	-63.16	0.52	0.49
ORF8-A549-Nt	Q68DQ2	CRYBG3	88|73	161	80.50	2	0|0|50|43	0.00	0.00	0.00	0.00	0.00	-59.71	1.73	0.47
ORF8-A549-Nt	Q8IVT2	MISP	14|19	33	16.50	2	0|0|42|39	0.00	0.00	0.00	0.00	0.00	-133.69	0.41	0.55
ORF8-A549-Nt	Q8NB46	ANKRD52	4|4	8	4.00	2	0|0|14|11	0.00	0.00	0.00	0.00	0.00	-42.10	0.32	0.55
ORF8-A549-Nt	Q9H444	CHMP4B	8|9	17	8.50	2	0|0|12|9	0.00	0.00	0.00	0.00	0.00	-26.09	0.81	0.43
ORF8-A549-Nt	Q8NI35	PATJ	5|6	11	5.50	2	0|0|9|13	0.00	0.00	0.00	0.00	0.00	-33.70	0.50	0.45
ORF8-A549-Nt	Q86UE4	MTDH	43|36	79	39.50	2	0|0|17|12	0.59	1.00	0.58	1.00	0.59	-1.60	2.72	0.02
ORF8-A549-Nt	Q8TCJ2	STT3B	26|30	56	28.00	2	0|0|0|0	1.00	1.00	1.00	1.00	1.00	40.59	280.00	0.00
ORF8-A549-Nt	Q9Y679	AUP1	33|30	63	31.50	2	0|0|0|4	1.00	1.00	1.00	1.00	1.00	7.46	15.75	0.00
ORF8-A549-Nt	Q6ZXV5	TMTC3	3|3	6	3.00	2	0|0|0|0	1.00	1.00	1.00	1.00	1.00	5.33	30.00	0.00
ORF8-A549-Nt	Q3MJ13	WDR72	6|5	11	5.50	2	0|0|0|0	1.00	1.00	1.00	1.00	1.00	8.75	55.00	0.00
ORF8-A549-Nt	Q6PL24	TMED8	2|0	2	1.00	2	0|0|0|0	0.49	0.97	0.49	0.97	0.49	-1.05	10.00	0.11
ORF8-A549-Nt	P00761	P00761	92|81	173	86.50	2	79|48|59|35	0.00	0.00	0.00	0.00	0.00	-126.46	1.25	0.52
ORF8-A549-Nt	P02662	CAS1_BOVIN	11|3	14	7.00	2	2|0|0|0	0.78	1.00	0.77	1.00	0.78	0.16	7.00	0.01
ORF8-A549-Nt	P02663	CASA2_BOVIN	7|0	7	3.50	2	0|0|0|0	0.50	1.00	0.50	1.00	0.50	-1.05	35.00	0.04
ORF8-A549-Nt	P02668	CASK_BOVIN	2|0	2	1.00	2	0|0|0|0	0.49	0.97	0.49	0.97	0.49	-1.05	10.00	0.11
ORF8-A549-Nt	P02769	ALBU_BOVIN	4|2	6	3.00	2	3|0|0|0	0.29	0.49	0.27	0.46	0.29	-2.48	2.00	0.18
ORF8-A549-Nt	Streptavidin	Streptavidin	654|655	1309	654.50	2	369|111|520|557	0.00	0.00	0.00	0.00	0.00	-inf	1.22	0.55
ORF8-A549-Nt	TurboID	TurboID	429|321	750	375.00	2	0|10|1408|1374	0.00	0.00	0.00	0.00	0.00	-inf	0.27	0.55
ORF8-A549-Nt	P0DTC8	ORF8	0|0	0	0.00	2	0|0|0|0	0.00	0.00	0.00	0.00	0.00	-1.05	0.00	0.55
ORF8-A549-Nt	P00698	LYSC_CHICK	3|3	6	3.00	2	5|4|0|0	0.00	0.00	0.00	0.00	0.00	-12.23	0.67	0.35
ORF8-A549-Nt	P81947	ENSEMBL:ENSBTAP00000016242	21|24	45	22.50	2	5|0|0|0	0.99	0.99	0.99	0.99	0.99	4.15	9.00	0.00
ORF8-A549-Nt	P68366	TUBA4A	19|18	37	18.50	2	0|0|27|35	0.00	0.00	0.00	0.00	0.00	-86.63	0.60	0.51
ORF8-A549-Nt	P04075	ALDOA	6|3	9	4.50	2	3|0|0|0	0.53	0.80	0.54	0.81	0.54	-1.00	3.00	0.02
ORF8-A549-Nt	P25054	APC	6|9	15	7.50	2	0|0|11|12	0.00	0.00	0.00	0.00	0.00	-33.65	0.65	0.44
ORF8-A549-Nt	P13804	ETFA	6|7	13	6.50	2	0|0|0|0	1.00	1.00	1.00	1.00	1.00	10.45	65.00	0.00
ORF8-A549-Nt	P04150	NR3C1	11|12	23	11.50	2	0|0|39|38	0.00	0.00	0.00	0.00	0.00	-132.61	0.30	0.55
ORF8-A549-Nt	P35527	KRT9	124|150	274	137.00	2	94|59|20|91	0.00	0.00	0.00	0.00	0.00	-147.59	1.48	0.52
ORF8-A549-Nt	P13645	KRT10	97|55	152	76.00	2	87|76|70|43	0.00	0.00	0.00	0.00	0.00	-212.43	0.93	0.53
ORF8-A549-Nt	P05783	KRT18	65|74	139	69.50	2	8|0|189|169	0.00	0.00	0.00	0.00	0.00	-583.01	0.39	0.55
ORF8-A549-Nt	P02533	KRT14	36|27	63	31.50	2	58|43|8|13	0.00	0.00	0.00	0.00	0.00	-145.11	0.62	0.53
ORF8-A549-Nt	P08779	KRT16	22|21	43	21.50	2	35|50|0|12	0.00	0.00	0.00	0.00	0.00	-125.60	0.51	0.55
ORF8-A549-Nt	O77727	K1C15_SHEEP	17|0	17	8.50	2	0|0|0|0	0.50	1.00	0.50	1.00	0.50	-1.05	85.00	0.03
ORF8-A549-Nt	P05165	PCCA	348|370	718	359.00	2	299|235|181|164	0.00	0.00	0.00	0.00	0.00	-445.37	1.34	0.55
ORF8-A549-Nt	P43034	PAFAH1B1	5|3	8	4.00	2	0|0|2|3	0.06	0.10	0.05	0.09	0.06	-5.06	1.60	0.22
ORF8-A549-Nt	Q15149	PLEC	28|14	42	21.00	2	0|0|55|55	0.00	0.00	0.00	0.00	0.00	-194.52	0.38	0.53
ORF8-A549-Nt	O95467	GNAS	3|4	7	3.50	2	0|0|0|2	0.66	0.76	0.65	0.74	0.66	0.21	3.50	0.01
ORF8-A549-Nt	P54277	PMS1	17|22	39	19.50	2	0|0|61|51	0.00	0.00	0.00	0.00	0.00	-190.75	0.35	0.55
ORF8-A549-Nt	P23526	AHCY	13|15	28	14.00	2	3|0|30|32	0.00	0.00	0.00	0.00	0.00	-96.97	0.45	0.55
ORF8-A549-Nt	P00352	ALDH1A1	41|37	78	39.00	2	26|3|37|31	0.00	0.00	0.00	0.00	0.00	-66.79	1.15	0.50
ORF8-A549-Nt	Q07973	CYP24A1	15|14	29	14.50	2	0|0|2|0	1.00	1.00	1.00	1.00	1.00	7.40	14.50	0.00
ORF8-A549-Nt	Q16850	CYP51A1	8|7	15	7.50	2	0|0|0|0	1.00	1.00	1.00	1.00	1.00	12.05	75.00	0.00
ORF8-A549-Nt	P22102	GART	5|3	8	4.00	2	0|0|10|11	0.00	0.00	0.00	0.00	0.00	-36.27	0.38	0.55
ORF8-A549-Nt	P39023	RPL3	35|31	66	33.00	2	5|0|26|22	0.00	0.00	0.00	0.00	0.00	-40.29	1.38	0.46
ORF8-A549-Nt	P23396	RPS3	8|10	18	9.00	2	5|0|4|3	0.05	0.10	0.05	0.10	0.05	-4.87	2.00	0.22
ORF8-A549-Nt	Q9ULD2	MTUS1	90|82	172	86.00	2	0|0|158|138	0.00	0.00	0.00	0.00	0.00	-419.65	0.58	0.55
ORF8-A549-Nt	Q9UK76	JPT1	4|4	8	4.00	2	0|0|12|14	0.00	0.00	0.00	0.00	0.00	-44.16	0.31	0.55
ORF8-A549-Nt	Q6STE5	SMARCD3	10|9	19	9.50	2	0|0|28|22	0.00	0.00	0.00	0.00	0.00	-81.69	0.38	0.55
ORF8-A549-Nt	Q9Y5V3	MAGED1	7|6	13	6.50	2	0|0|4|0	0.67	0.74	0.64	0.71	0.67	0.28	3.25	0.01
ORF8-A549-Nt	Q71DI3	H3C15	4|3	7	3.50	2	7|0|5|3	0.00	0.00	0.00	0.00	0.00	-17.94	0.58	0.39
ORF8-A549-Nt	Q641Q2	WASHC2A	11|6	17	8.50	2	0|0|39|40	0.00	0.00	0.00	0.00	0.00	-151.66	0.22	0.55
ORF8-A549-Nt	Q13492	PICALM	10|6	16	8.00	2	0|0|16|11	0.00	0.00	0.00	0.00	0.00	-41.51	0.59	0.46
ORF8-A549-Nt	P62136	PPP1CA	3|3	6	3.00	2	0|0|6|3	0.00	0.00	0.00	0.00	0.00	-12.07	0.67	0.35
ORF8-A549-Nt	Q86YZ3	HRNR	5|8	13	6.50	2	4|0|0|0	0.61	0.82	0.59	0.80	0.61	-0.50	3.25	0.02
ORF8-A549-Nt	Q16181	SEPTIN7	2|4	6	3.00	2	0|0|11|10	0.00	0.00	0.00	0.00	0.00	-38.93	0.29	0.55
ORF8-A549-Nt	Q14671	PUM1	4|3	7	3.50	2	0|0|10|6	0.00	0.00	0.00	0.00	0.00	-25.94	0.44	0.55
ORF8-A549-Nt	P84077	ARF1	7|5	12	6.00	2	0|0|3|3	0.13	0.23	0.13	0.24	0.13	-3.82	2.00	0.21
ORF8-A549-Nt	P18085	ARF4	4|2	6	3.00	2	0|0|0|0	0.99	1.00	0.99	1.00	0.99	3.60	30.00	0.00
ORF8-A549-Nt	Q5QNW6	H2BC18	11|0	11	5.50	2	6|0|10|6	0.00	0.00	0.00	0.00	0.00	-34.62	0.69	0.36
ORF8-A549-Nt	P23527	H2BC17	11|0	11	5.50	2	6|0|0|0	0.39	0.79	0.39	0.78	0.39	-11.75	1.83	0.18
ORF8-A549-Nt	Q9UPQ9	TNRC6B	2|6	8	4.00	2	0|0|31|24	0.00	0.00	0.00	0.00	0.00	-113.02	0.15	0.55
ORF8-A549-Nt	Q8N4C8	MINK1	9|6	15	7.50	2	0|0|10|8	0.00	0.00	0.00	0.00	0.00	-23.90	0.83	0.40
ORF8-A549-Nt	Q4KMQ2	ANO6	40|42	82	41.00	2	0|0|0|0	1.00	1.00	1.00	1.00	1.00	60.74	410.00	0.00
ORF8-A549-Nt	P42677	RPS27	7|8	15	7.50	2	3|0|5|0	0.02	0.04	0.02	0.04	0.02	-4.55	1.88	0.23
ORF8-A549-Nt	Q27J81	INF2	15|13	28	14.00	2	0|0|22|22	0.00	0.00	0.00	0.00	0.00	-61.08	0.64	0.49
ORF8-A549-Nt	P42166	TMPO	53|52	105	52.50	2	0|0|49|49	0.00	0.00	0.00	0.00	0.00	-97.82	1.07	0.52
ORF8-A549-Nt	Q9Y6B6	SAR1B	3|3	6	3.00	2	0|0|0|0	1.00	1.00	1.00	1.00	1.00	5.33	30.00	0.00
ORF8-A549-Nt	Q86TX2	ACOT1	23|0	23	11.50	2	0|0|9|8	0.40	0.79	0.39	0.78	0.40	-36.83	1.35	0.18
ORF8-A549-Nt	P60953	CDC42	2|0	2	1.00	2	0|0|0|0	0.49	0.97	0.49	0.98	0.49	-0.81	10.00	0.11
ORF8-A549-Nt	Q9NRL3	STRN4	5|5	10	5.00	2	0|0|17|16	0.00	0.00	0.00	0.00	0.00	-56.19	0.30	0.55
ORF8-A549-Nt	O43815	STRN	3|3	6	3.00	2	0|0|12|14	0.00	0.00	0.00	0.00	0.00	-46.75	0.23	0.55
ORF8-A549-Nt	Q6FI13	H2AC18	4|0	4	2.00	2	7|0|4|0	0.00	0.00	0.00	0.00	0.00	-23.59	0.36	0.37
ORF8-A549-Nt	P20810	CAST	5|3	8	4.00	2	0|0|25|25	0.00	0.00	0.00	0.00	0.00	-98.47	0.16	0.55
ORF8-A549-Nt	Q9BV36	MLPH	4|5	9	4.50	2	0|0|16|19	0.00	0.00	0.00	0.00	0.00	-63.09	0.26	0.55
ORF8-A549-Nt	Q9P2E9	RRBP1	56|55	111	55.50	2	0|0|9|3	1.00	1.00	1.00	1.00	1.00	13.04	9.25	0.00
ORF8-A549-Nt	P55011	SLC12A2	19|24	43	21.50	2	0|0|0|0	1.00	1.00	1.00	1.00	1.00	30.21	215.00	0.00
ORF8-A549-Nt	Q96S66	CLCC1	17|17	34	17.00	2	0|0|0|0	1.00	1.00	1.00	1.00	1.00	27.25	170.00	0.00
ORF8-A549-Nt	P11388	TOP2A	4|5	9	4.50	2	0|0|6|6	0.00	0.00	0.00	0.00	0.00	-16.11	0.75	0.37
ORF8-A549-Nt	P07910	HNRNPC	3|0	3	1.50	2	0|0|4|3	0.00	0.00	0.00	0.00	0.00	-14.74	0.43	0.31
ORF8-A549-Nt	Q86UP2	KTN1	64|57	121	60.50	2	0|0|21|16	1.00	1.00	1.00	1.00	1.00	11.67	3.27	0.00
ORF8-A549-Nt	Q8IWI9	MGA	47|34	81	40.50	2	0|0|35|49	0.00	0.00	0.00	0.00	0.00	-99.65	0.96	0.51
ORF8-A549-Nt	Q6YHU6	THADA	74|73	147	73.50	2	0|0|102|91	0.00	0.00	0.00	0.00	0.00	-237.63	0.76	0.54
ORF8-A549-Nt	O60716	CTNND1	14|11	25	12.50	2	0|0|33|36	0.00	0.00	0.00	0.00	0.00	-116.13	0.36	0.55
ORF8-A549-Nt	Q12979	ABR	5|5	10	5.00	2	0|0|24|18	0.00	0.00	0.00	0.00	0.00	-75.16	0.24	0.55
ORF8-A549-Nt	Q16881	TXNRD1	15|13	28	14.00	2	0|0|43|42	0.00	0.00	0.00	0.00	0.00	-144.52	0.33	0.55
ORF8-A549-Nt	P52597	HNRNPF	7|7	14	7.00	2	0|0|29|25	0.00	0.00	0.00	0.00	0.00	-95.05	0.26	0.55
ORF8-A549-Nt	P60709	ACTB	19|10	29	14.50	2	11|0|8|0	0.00	0.00	0.00	0.00	0.00	-19.45	1.53	0.29
ORF8-A549-Nt	P45974	USP5	7|5	12	6.00	2	0|0|19|22	0.00	0.00	0.00	0.00	0.00	-73.06	0.29	0.55
ORF8-A549-Nt	Q6Y7W6	GIGYF2	38|32	70	35.00	2	0|0|68|75	0.00	0.00	0.00	0.00	0.00	-218.97	0.49	0.54
ORF8-A549-Nt	P21333	FLNA	265|253	518	259.00	2	0|0|503|441	0.00	0.00	0.00	0.00	0.00	-inf	0.55	0.55
ORF8-A549-Nt	O75369	FLNB	116|94	210	105.00	2	0|0|217|197	0.00	0.00	0.00	0.00	0.00	-630.51	0.51	0.55
ORF8-A549-Nt	P15311	EZR	34|37	71	35.50	2	0|0|72|78	0.00	0.00	0.00	0.00	0.00	-228.53	0.47	0.55
ORF8-A549-Nt	P26038	MSN	17|22	39	19.50	2	2|0|25|26	0.00	0.00	0.00	0.00	0.00	-66.98	0.76	0.49
ORF8-A549-Nt	Q9UPQ0	LIMCH1	24|33	57	28.50	2	0|0|90|91	0.00	0.00	0.00	0.00	0.00	-317.49	0.31	0.55
ORF8-A549-Nt	Q9UHD8	SEPTIN9	16|15	31	15.50	2	0|0|56|56	0.00	0.00	0.00	0.00	0.00	-196.03	0.28	0.55
ORF8-A549-Nt	A0MZ66	SHTN1	15|17	32	16.00	2	0|0|51|56	0.00	0.00	0.00	0.00	0.00	-185.49	0.30	0.55
ORF8-A549-Nt	Q9Y6I9	TEX264	17|17	34	17.00	2	0|0|0|0	1.00	1.00	1.00	1.00	1.00	27.30	170.00	0.00
ORF8-A549-Nt	P15170	GSPT1	35|36	71	35.50	2	0|0|75|84	0.00	0.00	0.00	0.00	0.00	-244.74	0.45	0.55
ORF8-A549-Nt	Q8IYD1	GSPT2	17|16	33	16.50	2	0|0|45|54	0.00	0.00	0.00	0.00	0.00	-166.08	0.33	0.55
ORF8-A549-Nt	P29692	EEF1D	9|8	17	8.50	2	0|0|21|16	0.00	0.00	0.00	0.00	0.00	-57.35	0.46	0.55
ORF8-A549-Nt	Q9BVG8	KIFC3	6|6	12	6.00	2	0|0|20|21	0.00	0.00	0.00	0.00	0.00	-70.41	0.29	0.55
ORF8-A549-Nt	Q07866	KLC1	7|4	11	5.50	2	0|0|28|27	0.00	0.00	0.00	0.00	0.00	-106.06	0.20	0.55
ORF8-A549-Nt	O43795	MYO1B	5|5	10	5.00	2	0|0|7|10	0.00	0.00	0.00	0.00	0.00	-23.88	0.59	0.42
ORF8-A549-Nt	P28290	ITPRID2	23|25	48	24.00	2	0|0|22|28	0.00	0.00	0.00	0.00	0.00	-55.39	0.96	0.49
ORF8-A549-Nt	Q86Y07	VRK2	19|19	38	19.00	2	0|0|0|0	1.00	1.00	1.00	1.00	1.00	30.32	190.00	0.00
ORF8-A549-Nt	O60271	SPAG9	40|44	84	42.00	2	0|0|67|71	0.00	0.00	0.00	0.00	0.00	-192.34	0.61	0.54
ORF8-A549-Nt	Q4KWH8	PLCH1	5|2	7	3.50	2	0|0|4|3	0.00	0.00	0.00	0.00	0.00	-10.19	1.00	0.27
ORF8-A549-Nt	P52594	AGFG1	40|45	85	42.50	2	0|0|107|109	0.00	0.00	0.00	0.00	0.00	-349.88	0.39	0.55
ORF8-A549-Nt	Q12906	ILF3	3|2	5	2.50	2	0|0|13|9	0.00	0.00	0.00	0.00	0.00	-40.96	0.23	0.55
ORF8-A549-Nt	O75330	HMMR	3|0	3	1.50	2	0|0|21|19	0.00	0.00	0.00	0.00	0.00	-88.17	0.07	0.55
ORF8-A549-Nt	Q8NDI1	EHBP1	24|19	43	21.50	2	0|0|44|35	0.00	0.00	0.00	0.00	0.00	-118.29	0.54	0.52
ORF8-A549-Nt	O14974	PPP1R12A	4|4	8	4.00	2	0|0|32|27	0.00	0.00	0.00	0.00	0.00	-114.74	0.14	0.55
ORF8-A549-Nt	Q9BY89	KIAA1671	18|17	35	17.50	2	0|0|29|37	0.00	0.00	0.00	0.00	0.00	-96.43	0.53	0.52
ORF8-A549-Nt	P05141	SLC25A5	26|28	54	27.00	2	7|0|20|17	0.00	0.00	0.00	0.00	0.00	-28.28	1.46	0.43
ORF8-A549-Nt	P12236	SLC25A6	25|27	52	26.00	2	7|0|22|20	0.00	0.00	0.00	0.00	0.00	-38.36	1.24	0.46
ORF8-A549-Nt	O00213	APBB1	14|15	29	14.50	2	0|0|17|18	0.00	0.00	0.00	0.00	0.00	-42.23	0.83	0.47
ORF8-A549-Nt	P78347	GTF2I	12|8	20	10.00	2	0|0|48|56	0.00	0.00	0.00	0.00	0.00	-199.43	0.19	0.55
ORF8-A549-Nt	Q562E7	WDR81	11|0	11	5.50	2	0|0|0|0	0.50	1.00	0.50	1.00	0.50	-1.00	55.00	0.03
ORF8-A549-Nt	P00338	LDHA	32|19	51	25.50	2	7|0|15|16	0.00	0.00	0.00	0.00	0.00	-27.51	1.65	0.33
ORF8-A549-Nt	P07195	LDHB	13|14	27	13.50	2	6|0|12|9	0.00	0.00	0.00	0.00	0.00	-18.52	1.29	0.39
ORF8-A549-Nt	Q8WX93	PALLD	9|6	15	7.50	2	0|0|31|32	0.00	0.00	0.00	0.00	0.00	-117.08	0.24	0.55
ORF8-A549-Nt	A3KN83	SBNO1	12|7	19	9.50	2	0|0|59|53	0.00	0.00	0.00	0.00	0.00	-220.16	0.17	0.55
ORF8-A549-Nt	Q9P246	STIM2	17|18	35	17.50	2	0|0|0|0	1.00	1.00	1.00	1.00	1.00	27.25	175.00	0.00
ORF8-A549-Nt	Q9HCK8	CHD8	2|4	6	3.00	2	0|0|0|3	0.29	0.49	0.27	0.46	0.29	-2.48	2.00	0.18
ORF8-A549-Nt	Q3L8U1	CHD9	5|0	5	2.50	2	0|0|0|0	0.50	1.00	0.50	1.00	0.50	-1.05	25.00	0.04
ORF8-A549-Nt	Q96GX5	MASTL	3|0	3	1.50	2	0|0|19|23	0.00	0.00	0.00	0.00	0.00	-92.64	0.07	0.55
ORF8-A549-Nt	P78344	EIF4G2	33|38	71	35.50	2	0|0|91|87	0.00	0.00	0.00	0.00	0.00	-288.25	0.40	0.55
ORF8-A549-Nt	Q9NX02	NLRP2	20|19	39	19.50	2	0|0|65|59	0.00	0.00	0.00	0.00	0.00	-210.73	0.31	0.55
ORF8-A549-Nt	Q15637	SF1	3|0	3	1.50	2	0|0|18|17	0.00	0.00	0.00	0.00	0.00	-76.99	0.09	0.55
ORF8-A549-Nt	O60701	UGDH	9|6	15	7.50	2	0|0|14|8	0.00	0.00	0.00	0.00	0.00	-31.47	0.68	0.44
ORF8-A549-Nt	P35612	ADD2	3|0	3	1.50	2	0|0|12|10	0.00	0.00	0.00	0.00	0.00	-47.96	0.14	0.55
ORF8-A549-Nt	O00571	DDX3X	25|24	49	24.50	2	0|0|57|60	0.00	0.00	0.00	0.00	0.00	-184.11	0.42	0.55
ORF8-A549-Nt	O15523	DDX3Y	19|22	41	20.50	2	0|0|49|52	0.00	0.00	0.00	0.00	0.00	-162.95	0.41	0.55
ORF8-A549-Nt	Q04637	EIF4G1	32|30	62	31.00	2	0|0|76|82	0.00	0.00	0.00	0.00	0.00	-254.03	0.39	0.55
ORF8-A549-Nt	O43432	EIF4G3	5|0	5	2.50	2	0|0|21|19	0.00	0.00	0.00	0.00	0.00	-88.17	0.12	0.55
ORF8-A549-Nt	O15084	ANKRD28	8|12	20	10.00	2	0|0|31|35	0.00	0.00	0.00	0.00	0.00	-117.72	0.30	0.55
ORF8-A549-Nt	Q13813	SPTAN1	37|24	61	30.50	2	0|0|85|77	0.00	0.00	0.00	0.00	0.00	-277.44	0.38	0.55
ORF8-A549-Nt	Q14677	CLINT1	27|23	50	25.00	2	0|0|45|45	0.00	0.00	0.00	0.00	0.00	-131.77	0.56	0.53
ORF8-A549-Nt	Q16555	DPYSL2	10|7	17	8.50	2	0|0|44|36	0.00	0.00	0.00	0.00	0.00	-150.62	0.21	0.55
ORF8-A549-Nt	Q86W92	PPFIBP1	6|4	10	5.00	2	0|0|11|11	0.00	0.00	0.00	0.00	0.00	-35.91	0.45	0.45
ORF8-A549-Nt	P62195	PSMC5	24|23	47	23.50	2	0|0|41|38	0.00	0.00	0.00	0.00	0.00	-109.95	0.59	0.52
ORF8-A549-Nt	P62191	PSMC1	7|7	14	7.00	2	0|0|0|0	1.00	1.00	1.00	1.00	1.00	12.05	70.00	0.00
ORF8-A549-Nt	Q16719	KYNU	11|10	21	10.50	2	0|0|11|9	0.00	0.00	0.00	0.00	0.00	-21.29	1.05	0.41
ORF8-A549-Nt	O43491	EPB41L2	9|5	14	7.00	2	0|0|22|18	0.00	0.00	0.00	0.00	0.00	-70.93	0.35	0.55
ORF8-A549-Nt	Q96L93	KIF16B	31|29	60	30.00	2	0|0|34|41	0.00	0.00	0.00	0.00	0.00	-91.56	0.80	0.51
ORF8-A549-Nt	Q8NC67	NETO2	27|28	55	27.50	2	0|0|0|0	1.00	1.00	1.00	1.00	1.00	41.94	275.00	0.00
ORF8-A549-Nt	Q06830	PRDX1	15|13	28	14.00	2	5|4|17|15	0.00	0.00	0.00	0.00	0.00	-38.29	0.88	0.46
ORF8-A549-Nt	Q9NW15	ANO10	2|0	2	1.00	2	0|0|0|0	0.49	0.97	0.49	0.97	0.49	-1.05	10.00	0.11
ORF8-A549-Nt	O75122	CLASP2	2|2	4	2.00	2	0|0|22|15	0.00	0.00	0.00	0.00	0.00	-73.48	0.11	0.55
ORF8-A549-Nt	O43865	AHCYL1	4|6	10	5.00	2	0|0|11|11	0.00	0.00	0.00	0.00	0.00	-35.91	0.45	0.45
ORF8-A549-Nt	O43399	TPD52L2	2|2	4	2.00	2	0|0|10|8	0.00	0.00	0.00	0.00	0.00	-32.54	0.22	0.55
ORF8-A549-Nt	Q9Y4E8	USP15	4|0	4	2.00	2	0|0|35|30	0.00	0.00	0.00	0.00	0.00	-144.15	0.06	0.55
ORF8-A549-Nt	P61313	RPL15	12|16	28	14.00	2	5|2|5|6	0.47	0.89	0.47	0.88	0.47	-3.02	2.55	0.17
ORF8-A549-Nt	Q96RT1	ERBIN	38|33	71	35.50	2	0|0|65|69	0.00	0.00	0.00	0.00	0.00	-198.57	0.53	0.54
ORF8-A549-Nt	P78312	FAM193A	4|4	8	4.00	2	0|0|9|7	0.00	0.00	0.00	0.00	0.00	-23.83	0.50	0.55
ORF8-A549-Nt	Q14678	KANK1	30|23	53	26.50	2	0|0|70|67	0.00	0.00	0.00	0.00	0.00	-227.66	0.39	0.55
ORF8-A549-Nt	Q9H4G0	EPB41L1	16|16	32	16.00	2	0|0|35|29	0.00	0.00	0.00	0.00	0.00	-94.49	0.50	0.55
ORF8-A549-Nt	Q9Y6M7	SLC4A7	13|13	26	13.00	2	0|0|8|4	0.03	0.03	0.03	0.03	0.03	-3.54	2.17	0.23
ORF8-A549-Nt	O00203	AP3B1	11|7	18	9.00	2	0|0|31|25	0.00	0.00	0.00	0.00	0.00	-99.34	0.32	0.55
ORF8-A549-Nt	P08238	HSP90AB1	36|30	66	33.00	2	7|0|41|38	0.00	0.00	0.00	0.00	0.00	-97.07	0.84	0.51
ORF8-A549-Nt	P07900	HSP90AA1	25|22	47	23.50	2	5|2|32|26	0.00	0.00	0.00	0.00	0.00	-71.28	0.81	0.50
ORF8-A549-Nt	P14625	HSP90B1	4|0	4	2.00	2	0|0|0|0	0.50	1.00	0.50	1.00	0.50	-0.97	20.00	0.05
ORF8-A549-Nt	Q96N67	DOCK7	27|18	45	22.50	2	0|0|44|42	0.00	0.00	0.00	0.00	0.00	-134.55	0.52	0.53
ORF8-A549-Nt	Q14839	CHD4	7|9	16	8.00	2	0|0|47|44	0.00	0.00	0.00	0.00	0.00	-174.46	0.18	0.55
ORF8-A549-Nt	P52943	CRIP2	4|2	6	3.00	2	0|0|4|3	0.00	0.00	0.00	0.00	0.00	-10.19	0.86	0.29
ORF8-A549-Nt	P33240	CSTF2	10|9	19	9.50	2	0|0|35|34	0.00	0.00	0.00	0.00	0.00	-121.40	0.28	0.55
ORF8-A549-Nt	P68104	EEF1A1	32|33	65	32.50	2	11|6|36|31	0.00	0.00	0.00	0.00	0.00	-71.70	0.97	0.50
ORF8-A549-Nt	P60842	EIF4A1	7|4	11	5.50	2	0|0|3|3	0.12	0.23	0.12	0.24	0.12	-5.24	1.83	0.21
ORF8-A549-Nt	P06733	ENO1	11|9	20	10.00	2	3|0|4|4	0.40	0.66	0.43	0.70	0.43	-1.68	2.50	0.18
ORF8-A549-Nt	Q09666	AHNAK	737|721	1458	729.00	2	0|2|1037|1123	0.00	0.00	0.00	0.00	0.00	-inf	0.68	0.55
ORF8-A549-Nt	P15121	AKR1B1	6|7	13	6.50	2	4|0|2|0	0.15	0.23	0.15	0.23	0.15	-2.51	2.17	0.20
ORF8-A549-Nt	P48444	ARCN1	5|4	9	4.50	2	0|0|10|11	0.00	0.00	0.00	0.00	0.00	-33.88	0.43	0.55
ORF8-A549-Nt	P16615	ATP2A2	31|32	63	31.50	2	0|0|0|0	1.00	1.00	1.00	1.00	1.00	47.80	315.00	0.00
ORF8-A549-Nt	Q03135	CAV1	7|4	11	5.50	2	0|0|3|7	0.00	0.00	0.00	0.00	0.00	-12.02	1.10	0.30
ORF8-A549-Nt	P40227	CCT6A	21|16	37	18.50	2	0|0|30|32	0.00	0.00	0.00	0.00	0.00	-90.40	0.60	0.51
ORF8-A549-Nt	P00167	CYB5A	4|5	9	4.50	2	0|0|0|0	1.00	1.00	1.00	1.00	1.00	7.07	45.00	0.00
ORF8-A549-Nt	P04406	GAPDH	31|32	63	31.50	2	28|12|26|25	0.00	0.00	0.00	0.00	0.00	-50.66	1.17	0.48
ORF8-A549-Nt	P09651	HNRNPA1	18|23	41	20.50	2	0|0|40|44	0.00	0.00	0.00	0.00	0.00	-130.23	0.49	0.53
ORF8-A549-Nt	P61604	HSPE1	7|8	15	7.50	2	0|0|0|0	1.00	1.00	1.00	1.00	1.00	12.13	75.00	0.00
ORF8-A549-Nt	P05556	ITGB1	66|63	129	64.50	2	0|0|14|21	1.00	1.00	1.00	1.00	1.00	17.63	3.69	0.00
ORF8-A549-Nt	Q14573	ITPR3	8|10	18	9.00	2	0|0|0|0	1.00	1.00	1.00	1.00	1.00	13.69	90.00	0.00
ORF8-A549-Nt	P17275	JUNB	4|6	10	5.00	2	0|0|20|19	0.00	0.00	0.00	0.00	0.00	-71.60	0.26	0.55
ORF8-A549-Nt	Q92973	TNPO1	20|18	38	19.00	2	0|0|49|47	0.00	0.00	0.00	0.00	0.00	-155.03	0.40	0.55
ORF8-A549-Nt	P27816	MAP4	130|126	256	128.00	2	0|0|430|363	0.00	0.00	0.00	0.00	0.00	-inf	0.32	0.55
ORF8-A549-Nt	P46013	MKI67	53|45	98	49.00	2	0|0|118|111	0.00	0.00	0.00	0.00	0.00	-364.78	0.43	0.55
ORF8-A549-Nt	P35579	MYH9	84|77	161	80.50	2	0|0|167|165	0.00	0.00	0.00	0.00	0.00	-501.86	0.48	0.55
ORF8-A549-Nt	P06748	NPM1	10|3	13	6.50	2	0|0|18|11	0.00	0.00	0.00	0.00	0.00	-52.93	0.45	0.46
ORF8-A549-Nt	P11940	PABPC1	6|4	10	5.00	2	0|0|17|21	0.00	0.00	0.00	0.00	0.00	-69.43	0.26	0.55
ORF8-A549-Nt	Q13177	PAK2	21|18	39	19.50	2	0|0|50|51	0.00	0.00	0.00	0.00	0.00	-165.30	0.39	0.55
ORF8-A549-Nt	O00443	PIK3C2A	35|33	68	34.00	2	0|0|44|26	0.00	0.00	0.00	0.00	0.00	-75.35	0.97	0.50
ORF8-A549-Nt	P14618	PKM	75|86	161	80.50	2	28|12|63|57	0.00	0.00	0.00	0.00	0.00	-103.53	1.34	0.51
ORF8-A549-Nt	Q16512	PKN1	16|18	34	17.00	2	0|0|38|35	0.00	0.00	0.00	0.00	0.00	-112.63	0.47	0.55
ORF8-A549-Nt	Q16513	PKN2	3|0	3	1.50	2	0|0|10|7	0.00	0.00	0.00	0.00	0.00	-36.86	0.18	0.55
ORF8-A549-Nt	P28288	ABCD3	9|10	19	9.50	2	0|0|4|5	0.06	0.10	0.06	0.09	0.06	-3.61	2.11	0.22
ORF8-A549-Nt	Q16576	RBBP7	5|3	8	4.00	2	0|0|5|8	0.00	0.00	0.00	0.00	0.00	-19.92	0.62	0.39
ORF8-A549-Nt	Q13596	SNX1	11|12	23	11.50	2	0|0|25|20	0.00	0.00	0.00	0.00	0.00	-67.01	0.51	0.50
ORF8-A549-Nt	O60749	SNX2	4|4	8	4.00	2	0|0|6|5	0.00	0.00	0.00	0.00	0.00	-14.28	0.73	0.37
ORF8-A549-Nt	P35610	SOAT1	5|2	7	3.50	2	0|0|0|0	0.99	1.00	0.99	1.00	0.99	3.65	35.00	0.00
ORF8-A549-Nt	Q01082	SPTBN1	6|3	9	4.50	2	0|0|22|14	0.00	0.00	0.00	0.00	0.00	-67.94	0.25	0.55
ORF8-A549-Nt	P61011	SRP54	30|32	62	31.00	2	0|0|44|48	0.00	0.00	0.00	0.00	0.00	-122.01	0.67	0.53
ORF8-A549-Nt	P08240	SRPRA	46|52	98	49.00	2	0|0|11|10	1.00	1.00	1.00	1.00	1.00	21.90	4.67	0.00
ORF8-A549-Nt	Q07157	TJP1	83|80	163	81.50	2	0|0|152|147	0.00	0.00	0.00	0.00	0.00	-429.63	0.55	0.55
ORF8-A549-Nt	Q9UDY2	TJP2	4|0	4	2.00	2	0|0|3|0	0.25	0.49	0.23	0.46	0.25	-6.01	1.33	0.19
ORF8-A549-Nt	Q01650	SLC7A5	7|6	13	6.50	2	0|0|7|8	0.00	0.00	0.00	0.00	0.00	-18.40	0.87	0.39
ORF8-A549-Nt	Q92804	TAF15	4|0	4	2.00	2	0|0|11|12	0.00	0.00	0.00	0.00	0.00	-50.21	0.17	0.55
ORF8-A549-Nt	P37802	TAGLN2	44|49	93	46.50	2	0|0|88|82	0.00	0.00	0.00	0.00	0.00	-247.43	0.55	0.54
ORF8-A549-Nt	O94763	URI1	3|7	10	5.00	2	0|0|6|13	0.00	0.00	0.00	0.00	0.00	-31.77	0.53	0.43
ORF8-A549-Nt	O15056	SYNJ2	38|39	77	38.50	2	0|0|88|86	0.00	0.00	0.00	0.00	0.00	-268.48	0.44	0.55
ORF8-A549-Nt	Q13501	SQSTM1	40|40	80	40.00	2	0|0|21|22	0.00	0.00	0.00	0.00	0.00	-19.46	1.86	0.40
ORF8-A549-Nt	Q99650	OSMR	7|8	15	7.50	2	0|0|0|0	1.00	1.00	1.00	1.00	1.00	12.00	75.00	0.00
ORF8-A549-Nt	P27105	STOM	5|3	8	4.00	2	0|0|0|2	0.71	0.86	0.71	0.86	0.71	0.27	4.00	0.01
ORF8-A549-Nt	Q99439	CNN2	3|3	6	3.00	2	0|0|18|15	0.00	0.00	0.00	0.00	0.00	-61.68	0.18	0.55
ORF8-A549-Nt	P17844	DDX5	13|15	28	14.00	2	0|0|34|40	0.00	0.00	0.00	0.00	0.00	-121.62	0.38	0.55
ORF8-A549-Nt	P15924	DSP	27|28	55	27.50	2	21|3|10|9	0.00	0.00	0.00	0.00	0.00	-17.80	1.77	0.39
ORF8-A549-Nt	O14641	DVL2	29|25	54	27.00	2	0|0|39|31	0.00	0.00	0.00	0.00	0.00	-89.00	0.77	0.51
ORF8-A549-Nt	Q92997	DVL3	10|7	17	8.50	2	0|0|20|13	0.00	0.00	0.00	0.00	0.00	-51.45	0.52	0.48
ORF8-A549-Nt	O95573	ACSL3	9|8	17	8.50	2	0|0|0|0	1.00	1.00	1.00	1.00	1.00	13.60	85.00	0.00
ORF8-A549-Nt	P33176	KIF5B	6|4	10	5.00	2	0|0|25|23	0.00	0.00	0.00	0.00	0.00	-90.89	0.21	0.55
ORF8-A549-Nt	P62316	SNRPD2	7|5	12	6.00	2	0|0|22|23	0.00	0.00	0.00	0.00	0.00	-81.52	0.27	0.55
ORF8-A549-Nt	O95793	STAU1	11|10	21	10.50	2	0|0|19|18	0.00	0.00	0.00	0.00	0.00	-52.18	0.57	0.48
ORF8-A549-Nt	Q9NR30	DDX21	7|9	16	8.00	2	0|0|4|5	0.01	0.03	0.01	0.02	0.01	-6.38	1.78	0.24
ORF8-A549-Nt	O95292	VAPB	12|13	25	12.50	2	0|0|0|0	1.00	1.00	1.00	1.00	1.00	19.91	125.00	0.00
ORF8-A549-Nt	Q92797	SYMPK	35|43	78	39.00	2	0|0|118|108	0.00	0.00	0.00	0.00	0.00	-383.10	0.35	0.55
ORF8-A549-Nt	Q00610	CLTC	22|15	37	18.50	2	0|0|0|0	1.00	1.00	1.00	1.00	1.00	24.53	185.00	0.00
ORF8-A549-Nt	O43707	ACTN4	13|0	13	6.50	2	0|0|24|18	0.00	0.00	0.00	0.00	0.00	-92.64	0.31	0.49
ORF8-A549-Nt	Q12965	MYO1E	6|6	12	6.00	2	0|0|23|19	0.00	0.00	0.00	0.00	0.00	-72.44	0.29	0.55
ORF8-A549-Nt	P07737	PFN1	10|9	19	9.50	2	7|0|8|5	0.00	0.00	0.00	0.00	0.00	-14.00	1.27	0.36
ORF8-A549-Nt	P00533	EGFR	23|20	43	21.50	2	0|0|21|16	0.00	0.00	0.00	0.00	0.00	-36.21	1.16	0.45
ORF8-A549-Nt	Q14247	CTTN	41|37	78	39.00	2	0|0|82|82	0.00	0.00	0.00	0.00	0.00	-250.35	0.48	0.55
ORF8-A549-Nt	P16403	H1-2	11|9	20	10.00	2	10|6|2|0	0.00	0.00	0.00	0.00	0.00	-15.75	1.25	0.36
ORF8-A549-Nt	Q00341	HDLBP	16|11	27	13.50	2	0|0|56|57	0.00	0.00	0.00	0.00	0.00	-209.49	0.24	0.55
ORF8-A549-Nt	P12931	SRC	6|6	12	6.00	2	0|0|0|0	1.00	1.00	1.00	1.00	1.00	10.39	60.00	0.00
ORF8-A549-Nt	Q14004	CDK13	3|2	5	2.50	2	0|0|14|12	0.00	0.00	0.00	0.00	0.00	-49.63	0.19	0.55
ORF8-A549-Nt	Q8WTV0	SCARB1	11|10	21	10.50	2	0|0|0|0	1.00	1.00	1.00	1.00	1.00	16.69	105.00	0.00
ORF8-A549-Nt	P23528	CFL1	3|3	6	3.00	2	0|0|4|3	0.00	0.00	0.00	0.00	0.00	-8.36	0.86	0.30
ORF8-A549-Nt	Q16666	IFI16	69|65	134	67.00	2	0|0|51|51	0.00	0.00	0.00	0.00	0.00	-86.18	1.31	0.51
ORF8-A549-Nt	Q15758	SLC1A5	4|3	7	3.50	2	0|0|0|0	1.00	1.00	1.00	1.00	1.00	5.33	35.00	0.00
ORF8-A549-Nt	Q08378	GOLGA3	26|32	58	29.00	2	0|0|55|56	0.00	0.00	0.00	0.00	0.00	-167.48	0.52	0.53
ORF8-A549-Nt	P46821	MAP1B	222|211	433	216.50	2	0|0|417|397	0.00	0.00	0.00	0.00	0.00	-inf	0.53	0.55
ORF8-A549-Nt	P33993	MCM7	4|5	9	4.50	2	0|0|6|4	0.00	0.00	0.00	0.00	0.00	-12.42	0.90	0.34
ORF8-A549-Nt	P04264	KRT1	137|178	315	157.50	2	156|103|73|113	0.00	0.00	0.00	0.00	0.00	-275.08	1.17	0.54
ORF8-A549-Nt	P35908	KRT2	78|47	125	62.50	2	77|78|61|30	0.00	0.00	0.00	0.00	0.00	-211.98	0.81	0.53
ORF8-A549-Nt	P05787	KRT8	81|74	155	77.50	2	45|13|130|134	0.00	0.00	0.00	0.00	0.00	-372.67	0.59	0.55
ORF8-A549-Nt	P08670	VIM	74|81	155	77.50	2	14|0|170|160	0.00	0.00	0.00	0.00	0.00	-504.67	0.47	0.55
ORF8-A549-Nt	P08729	KRT7	59|59	118	59.00	2	0|0|68|74	0.00	0.00	0.00	0.00	0.00	-166.17	0.83	0.53
ORF8-A549-Nt	P13647	KRT5	47|37	84	42.00	2	61|45|15|21	0.00	0.00	0.00	0.00	0.00	-135.77	0.79	0.53
ORF8-A549-Nt	H-INV:HIT000292931	H-INV:HIT000292931	41|0	41	20.50	2	0|0|0|0	0.50	1.00	0.50	1.00	0.50	-1.05	205.00	0.03
ORF8-A549-Nt	Q14533	KRT81	38|36	74	37.00	2	0|0|58|59	0.00	0.00	0.00	0.00	0.00	-159.10	0.63	0.53
ORF8-A549-Nt	Q8N1N4	KRT78	7|8	15	7.50	2	5|4|0|0	0.00	0.01	0.00	0.01	0.00	-6.38	1.67	0.26
ORF8-A549-Nt	Q14847	LASP1	15|16	31	15.50	2	0|0|31|28	0.00	0.00	0.00	0.00	0.00	-86.59	0.53	0.51
ORF8-A549-Nt	Q15365	PCBP1	19|21	40	20.00	2	0|0|35|32	0.00	0.00	0.00	0.00	0.00	-94.36	0.60	0.52
ORF8-A549-Nt	Q15366	PCBP2	11|17	28	14.00	2	0|0|21|17	0.00	0.00	0.00	0.00	0.00	-53.20	0.74	0.47
ORF8-A549-Nt	P49792	RANBP2	84|67	151	75.50	2	0|0|126|137	0.00	0.00	0.00	0.00	0.00	-385.01	0.57	0.54
ORF8-A549-Nt	Q99666	RGPD5	21|0	21	10.50	2	0|0|35|0	0.00	0.00	0.00	0.00	0.00	-75.35	0.60	0.45
ORF8-A549-Nt	O75410	TACC1	39|32	71	35.50	2	0|0|27|28	0.00	0.00	0.00	0.00	0.00	-51.11	1.29	0.47
ORF8-A549-Nt	Q9Y490	TLN1	69|52	121	60.50	2	0|0|139|126	0.00	0.00	0.00	0.00	0.00	-422.22	0.46	0.55
ORF8-A549-Nt	O75376	NCOR1	39|28	67	33.50	2	0|0|41|41	0.00	0.00	0.00	0.00	0.00	-106.44	0.82	0.51
ORF8-A549-Nt	Q9Y618	NCOR2	42|42	84	42.00	2	0|0|94|98	0.00	0.00	0.00	0.00	0.00	-296.09	0.44	0.55
ORF8-A549-Nt	Q96PK6	RBM14	9|11	20	10.00	2	0|0|16|18	0.00	0.00	0.00	0.00	0.00	-49.32	0.59	0.48
ORF8-A549-Nt	O15269	SPTLC1	4|6	10	5.00	2	0|0|0|0	1.00	1.00	1.00	1.00	1.00	7.13	50.00	0.00
ORF8-A549-Nt	P78371	CCT2	12|12	24	12.00	2	0|0|12|14	0.00	0.00	0.00	0.00	0.00	-28.88	0.92	0.44
ORF8-A549-Nt	Q96HC4	PDLIM5	11|8	19	9.50	2	0|0|19|17	0.00	0.00	0.00	0.00	0.00	-55.40	0.53	0.48
ORF8-A549-Nt	P11142	HSPA8	53|46	99	49.50	2	5|0|37|33	0.00	0.00	0.00	0.00	0.00	-57.36	1.41	0.48
ORF8-A549-Nt	P0DMV8	HSPA1A	23|21	44	22.00	2	0|0|18|17	0.00	0.00	0.00	0.00	0.00	-31.82	1.26	0.44
ORF8-A549-Nt	Q92598	HSPH1	44|41	85	42.50	2	0|0|52|49	0.00	0.00	0.00	0.00	0.00	-119.77	0.84	0.52
ORF8-A549-Nt	P34932	HSPA4	18|15	33	16.50	2	0|0|14|15	0.00	0.00	0.00	0.00	0.00	-29.47	1.14	0.43
ORF8-A549-Nt	Q12802	AKAP13	54|49	103	51.50	2	0|0|89|90	0.00	0.00	0.00	0.00	0.00	-255.14	0.58	0.54
ORF8-A549-Nt	Q9H4M9	EHD1	5|4	9	4.50	2	0|0|13|10	0.00	0.00	0.00	0.00	0.00	-37.76	0.39	0.55
ORF8-A549-Nt	Q8N3C0	ASCC3	79|73	152	76.00	2	0|0|188|167	0.00	0.00	0.00	0.00	0.00	-557.88	0.43	0.55
ORF8-A549-Nt	Q9UMZ2	SYNRG	94|91	185	92.50	2	0|0|170|147	0.00	0.00	0.00	0.00	0.00	-443.00	0.58	0.55
ORF8-A549-Nt	Q6IBS0	TWF2	5|3	8	4.00	2	0|0|15|16	0.00	0.00	0.00	0.00	0.00	-57.40	0.26	0.55
ORF8-A549-Nt	P38398	BRCA1	42|36	78	39.00	2	0|0|53|52	0.00	0.00	0.00	0.00	0.00	-135.91	0.74	0.53
ORF8-A549-Nt	Q9UHD1	CHORDC1	7|8	15	7.50	2	0|0|8|10	0.00	0.00	0.00	0.00	0.00	-22.27	0.83	0.41
ORF8-A549-Nt	Q9UPX8	SHANK2	23|11	34	17.00	2	0|0|54|46	0.00	0.00	0.00	0.00	0.00	-181.69	0.34	0.55
ORF8-A549-Nt	Q9H2M9	RAB3GAP2	31|32	63	31.50	2	0|0|41|43	0.00	0.00	0.00	0.00	0.00	-104.95	0.75	0.52
ORF8-A549-Nt	O75533	SF3B1	62|51	113	56.50	2	0|0|140|127	0.00	0.00	0.00	0.00	0.00	-428.75	0.42	0.55
ORF8-A549-Nt	Q9NZM1	MYOF	125|109	234	117.00	2	0|0|48|30	0.07	0.13	0.06	0.12	0.07	-11.40	3.00	0.22
ORF8-A549-Nt	Q9UHB9	SRP68	27|27	54	27.00	2	0|0|25|30	0.00	0.00	0.00	0.00	0.00	-58.37	0.98	0.49
ORF8-A549-Nt	Q9Y2U8	LEMD3	32|28	60	30.00	2	0|0|7|13	0.74	0.97	0.74	0.97	0.74	-0.00	3.00	0.01
ORF8-A549-Nt	Q9ULV4	CORO1C	23|20	43	21.50	2	0|0|31|32	0.00	0.00	0.00	0.00	0.00	-84.66	0.68	0.51
ORF8-A549-Nt	Q9Y283	INVS	12|12	24	12.00	2	0|0|25|11	0.00	0.00	0.00	0.00	0.00	-46.77	0.67	0.48
ORF8-A549-Nt	O75575	CRCP	10|7	17	8.50	2	0|0|12|13	0.00	0.00	0.00	0.00	0.00	-35.52	0.68	0.45
ORF8-A549-Nt	Q8NDV7	TNRC6A	17|19	36	18.00	2	0|0|31|38	0.00	0.00	0.00	0.00	0.00	-102.42	0.52	0.52
ORF8-A549-Nt	Q9NYL9	TMOD3	27|23	50	25.00	2	0|0|43|48	0.00	0.00	0.00	0.00	0.00	-133.77	0.55	0.53
ORF8-A549-Nt	Q9UNF1	MAGED2	5|4	9	4.50	2	0|0|11|9	0.00	0.00	0.00	0.00	0.00	-31.72	0.45	0.55
ORF8-A549-Nt	Q9H2G2	SLK	23|14	37	18.50	2	0|0|35|46	0.00	0.00	0.00	0.00	0.00	-133.56	0.46	0.52
ORF8-A549-Nt	Q5SW79	CEP170	32|28	60	30.00	2	0|0|74|66	0.00	0.00	0.00	0.00	0.00	-221.92	0.43	0.55
ORF8-A549-Nt	Q2M2I8	AAK1	7|9	16	8.00	2	0|0|24|25	0.00	0.00	0.00	0.00	0.00	-84.59	0.33	0.55
ORF8-A549-Nt	Q6P996	PDXDC1	2|5	7	3.50	2	0|0|9|8	0.00	0.00	0.00	0.00	0.00	-30.41	0.41	0.43
ORF8-A549-Nt	A0JNW5	UHRF1BP1L	19|14	33	16.50	2	0|0|62|45	0.00	0.00	0.00	0.00	0.00	-187.78	0.31	0.55
ORF8-A549-Nt	O60292	SIPA1L3	39|34	73	36.50	2	0|0|76|68	0.00	0.00	0.00	0.00	0.00	-216.62	0.51	0.54
ORF8-A549-Nt	Q7RTP6	MICAL3	5|0	5	2.50	2	0|0|3|3	0.01	0.02	0.01	0.02	0.01	-12.59	0.83	0.25
ORF8-A549-Nt	Q9BSJ8	ESYT1	43|39	82	41.00	2	0|0|15|13	0.99	1.00	0.99	1.00	0.99	3.71	2.93	0.00
ORF8-A549-Nt	Q14160	SCRIB	22|21	43	21.50	2	0|0|52|54	0.00	0.00	0.00	0.00	0.00	-168.47	0.41	0.55
ORF8-A549-Nt	Q9H8Y8	GORASP2	3|2	5	2.50	2	0|0|0|0	0.98	1.00	0.98	1.00	0.98	3.54	25.00	0.00
ORF8-A549-Nt	Q9UNH6	SNX7	2|0	2	1.00	2	0|0|6|7	0.00	0.00	0.00	0.00	0.00	-28.00	0.15	0.55
ORF8-A549-Nt	Q8WVM8	SCFD1	4|6	10	5.00	2	0|0|3|4	0.01	0.01	0.01	0.01	0.01	-7.14	1.43	0.25
ORF8-A549-Nt	P61026	RAB10	13|12	25	12.50	2	3|0|9|10	0.00	0.00	0.00	0.00	0.00	-16.69	1.32	0.38
ORF8-A549-Nt	P62820	RAB1A	9|8	17	8.50	2	0|0|5|5	0.00	0.01	0.00	0.01	0.00	-6.50	1.70	0.26
ORF8-A549-Nt	P61106	RAB14	5|2	7	3.50	2	0|0|0|0	0.99	1.00	0.99	1.00	0.99	3.51	35.00	0.00
ORF8-A549-Nt	P52948	NUP98	11|14	25	12.50	2	0|0|39|42	0.00	0.00	0.00	0.00	0.00	-141.35	0.31	0.55
ORF8-A549-Nt	Q7LBC6	KDM3B	13|9	22	11.00	2	0|0|58|59	0.00	0.00	0.00	0.00	0.00	-224.40	0.19	0.55
ORF8-A549-Nt	Q8NE01	CNNM3	8|7	15	7.50	2	0|0|0|0	1.00	1.00	1.00	1.00	1.00	12.00	75.00	0.00
ORF8-A549-Nt	Q8IWZ3	ANKHD1	26|16	42	21.00	2	0|0|30|22	0.00	0.00	0.00	0.00	0.00	-70.91	0.81	0.49
ORF8-A549-Nt	O75179	ANKRD17	22|10	32	16.00	2	0|0|29|23	0.00	0.00	0.00	0.00	0.00	-83.44	0.62	0.50
ORF8-A549-Nt	Q96SN8	CDK5RAP2	5|8	13	6.50	2	0|0|0|0	1.00	1.00	1.00	1.00	1.00	8.75	65.00	0.00
ORF8-A549-Nt	Q9NV66	TYW1	5|8	13	6.50	2	0|0|0|0	1.00	1.00	1.00	1.00	1.00	8.81	65.00	0.00
ORF8-A549-Nt	Q9H920	RNF121	7|7	14	7.00	2	0|0|4|6	0.00	0.00	0.00	0.00	0.00	-8.11	1.40	0.30
ORF8-A549-Nt	Q9UN75	PCDHA12	3|0	3	1.50	2	0|0|0|0	0.50	1.00	0.50	1.00	0.50	-1.05	15.00	0.07
ORF8-A549-Nt	Q5T5P2	KIAA1217	5|0	5	2.50	2	0|0|9|9	0.00	0.00	0.00	0.00	0.00	-39.00	0.28	0.43
ORF8-A549-Nt	Q7Z2W4	ZC3HAV1	67|62	129	64.50	2	0|0|73|82	0.00	0.00	0.00	0.00	0.00	-185.26	0.83	0.54
ORF8-A549-Nt	O60218	AKR1B10	12|13	25	12.50	2	0|0|17|19	0.00	0.00	0.00	0.00	0.00	-47.51	0.69	0.48
ORF8-A549-Nt	Q9NQC3	RTN4	24|24	48	24.00	2	0|0|20|17	0.00	0.00	0.00	0.00	0.00	-31.05	1.30	0.45
ORF8-A549-Nt	Q7Z434	MAVS	18|18	36	18.00	2	0|0|21|16	0.00	0.00	0.00	0.00	0.00	-39.70	0.97	0.47
ORF8-A549-Nt	Q5T5U3	ARHGAP21	9|4	13	6.50	2	0|0|12|9	0.00	0.00	0.00	0.00	0.00	-33.88	0.62	0.43
ORF8-A549-Nt	P60660	MYL6	2|3	5	2.50	2	0|0|10|9	0.00	0.00	0.00	0.00	0.00	-34.68	0.26	0.55
ORF8-A549-Nt	O43291	SPINT2	12|11	23	11.50	2	0|0|0|0	1.00	1.00	1.00	1.00	1.00	18.22	115.00	0.00
ORF8-A549-Nt	Q96A65	EXOC4	11|12	23	11.50	2	0|0|44|42	0.00	0.00	0.00	0.00	0.00	-151.91	0.27	0.55
ORF8-A549-Nt	O95486	SEC24A	4|5	9	4.50	2	0|0|3|4	0.00	0.00	0.00	0.00	0.00	-7.14	1.29	0.27
ORF8-A549-Nt	Q9H1A4	ANAPC1	12|10	22	11.00	2	0|0|33|32	0.00	0.00	0.00	0.00	0.00	-110.37	0.34	0.55
ORF8-A549-Nt	Q68CZ2	TNS3	62|60	122	61.00	2	0|0|112|110	0.00	0.00	0.00	0.00	0.00	-317.92	0.55	0.54
ORF8-A549-Nt	Q96N66	MBOAT7	14|9	23	11.50	2	0|0|0|0	1.00	1.00	1.00	1.00	1.00	15.19	115.00	0.00
ORF8-A549-Nt	Q96C19	EFHD2	5|6	11	5.50	2	0|0|15|12	0.00	0.00	0.00	0.00	0.00	-43.85	0.41	0.55
ORF8-A549-Nt	Q9H6T3	RPAP3	23|24	47	23.50	2	0|0|55|53	0.00	0.00	0.00	0.00	0.00	-167.98	0.44	0.55
ORF8-A549-Nt	Q6PD74	AAGAB	2|0	2	1.00	2	0|0|4|3	0.00	0.00	0.00	0.00	0.00	-14.82	0.29	0.33
ORF8-A549-Nt	Q9GZU8	PSME3IP1	5|5	10	5.00	2	0|0|17|20	0.00	0.00	0.00	0.00	0.00	-64.62	0.27	0.55
ORF8-A549-Nt	Q8TCT9	HM13	3|0	3	1.50	2	0|0|0|0	0.50	1.00	0.50	1.00	0.50	-1.05	15.00	0.07
ORF8-A549-Nt	Q9C0D5	TANC1	2|2	4	2.00	2	0|0|10|10	0.00	0.00	0.00	0.00	0.00	-36.78	0.20	0.55
ORF8-A549-Nt	Q8IVF2	AHNAK2	569|482	1051	525.50	2	0|0|680|677	0.00	0.00	0.00	0.00	0.00	-inf	0.77	0.55
ORF8-A549-Nt	P18583	SON	21|18	39	19.50	2	0|0|55|46	0.00	0.00	0.00	0.00	0.00	-165.35	0.39	0.55
ORF8-A549-Nt	Q7L592	NDUFAF7	23|23	46	23.00	2	0|0|0|0	1.00	1.00	1.00	1.00	1.00	36.09	230.00	0.00
ORF8-A549-Nt	O15061	SYNM	32|35	67	33.50	2	0|0|66|65	0.00	0.00	0.00	0.00	0.00	-194.79	0.51	0.54
ORF8-A549-Nt	Q7Z739	YTHDF3	2|3	5	2.50	2	0|0|5|5	0.00	0.00	0.00	0.00	0.00	-16.00	0.50	0.37
ORF8-A549-Nt	P07437	TUBB	15|8	23	11.50	2	4|0|18|18	0.00	0.00	0.00	0.00	0.00	-55.34	0.64	0.47
ORF8-A549-Nt	Q13085	ACACA	191|184	375	187.50	2	161|157|70|68	0.00	0.00	0.00	0.00	0.00	-294.44	1.18	0.54
ORF8-A549-Nt	O00763	ACACB	70|64	134	67.00	2	78|79|0|9	0.00	0.00	0.00	0.00	0.00	-185.67	0.85	0.54
ORF8-A549-Nt	XP_003960901.1	LOC101060798	13|12	25	12.50	2	0|0|18|17	0.00	0.00	0.00	0.00	0.00	-45.62	0.71	0.47
ORF8-A549-Nt	P42330	AKR1C3	13|15	28	14.00	2	3|0|19|21	0.00	0.00	0.00	0.00	0.00	-53.35	0.70	0.48
ORF8-A549-Nt	Q9Y4P8	WIPI2	2|0	2	1.00	2	0|0|6|4	0.00	0.00	0.00	0.00	0.00	-21.35	0.20	0.55
ORF8-A549-Nt	P55884	EIF3B	2|3	5	2.50	2	0|0|6|3	0.00	0.00	0.00	0.00	0.00	-14.00	0.56	0.35
ORF8-A549-Nt	Q99613	EIF3C	3|3	6	3.00	2	0|0|25|27	0.00	0.00	0.00	0.00	0.00	-102.83	0.12	0.55
ORF8-A549-Nt	O15042	U2SURP	5|4	9	4.50	2	0|0|23|19	0.00	0.00	0.00	0.00	0.00	-78.01	0.21	0.55
ORF8-A549-Nt	P46020	PHKA1	3|0	3	1.50	2	0|0|12|9	0.00	0.00	0.00	0.00	0.00	-45.75	0.14	0.55
ORF8-A549-Nt	Q15043	SLC39A14	2|0	2	1.00	2	0|0|0|0	0.49	0.97	0.49	0.97	0.49	-1.05	10.00	0.11
ORF8-A549-Nt	Q53EP0	FNDC3B	6|5	11	5.50	2	0|0|0|0	1.00	1.00	1.00	1.00	1.00	8.81	55.00	0.00
ORF8-A549-Nt	Q9HC35	EML4	2|4	6	3.00	2	0|0|7|6	0.00	0.00	0.00	0.00	0.00	-22.13	0.46	0.40
ORF8-A549-Nt	Q13772	NCOA4	3|3	6	3.00	2	0|0|5|5	0.00	0.00	0.00	0.00	0.00	-14.07	0.60	0.36
ORF8-A549-Nt	P45880	VDAC2	3|3	6	3.00	2	6|0|0|0	0.00	0.00	0.00	0.00	0.00	-5.31	1.00	0.27
ORF8-A549-Nt	Q92844	TANK	3|4	7	3.50	2	0|0|20|16	0.00	0.00	0.00	0.00	0.00	-68.01	0.19	0.55
ORF8-A549-Nt	Q8N3R9	MPP5	2|0	2	1.00	2	0|0|8|4	0.00	0.00	0.00	0.00	0.00	-25.72	0.17	0.55
ORF8-A549-Nt	Q8N7H5	PAF1	2|3	5	2.50	2	0|0|15|13	0.00	0.00	0.00	0.00	0.00	-53.95	0.18	0.55
ORF8-A549-Nt	P12956	XRCC6	2|0	2	1.00	2	0|0|10|13	0.00	0.00	0.00	0.00	0.00	-50.15	0.09	0.55
ORF8-A549-Nt	O43765	SGTA	2|2	4	2.00	2	0|0|0|0	0.97	0.97	0.97	0.97	0.97	3.57	20.00	0.00
ORF8-A549-Nt	O00401	WASL	3|2	5	2.50	2	0|0|18|22	0.00	0.00	0.00	0.00	0.00	-80.06	0.12	0.55
ORF8-A549-Nt	P62495	ETF1	3|0	3	1.50	2	0|0|9|9	0.00	0.00	0.00	0.00	0.00	-39.06	0.17	0.55
ORF8-A549-Nt	P35606	COPB2	2|6	8	4.00	2	0|0|0|0	0.99	1.00	0.99	1.00	0.99	3.49	40.00	0.00
ORF8-A549-Nt	Q92616	GCN1	5|0	5	2.50	2	0|0|10|10	0.00	0.00	0.00	0.00	0.00	-43.45	0.25	0.55
ORF8-A549-Nt	O76021	RSL1D1	2|0	2	1.00	2	0|0|3|7	0.00	0.00	0.00	0.00	0.00	-21.22	0.20	0.55
ORF8-A549-Nt	A2RRP1	NBAS	3|0	3	1.50	2	0|0|0|0	0.50	1.00	0.50	1.00	0.50	-1.05	15.00	0.07
ORF8-A549-Nt	Q8IY81	FTSJ3	3|3	6	3.00	2	0|0|10|5	0.00	0.00	0.00	0.00	0.00	-23.80	0.40	0.55
ORF8-A549-Nt	Q6FI81	CIAPIN1	2|0	2	1.00	2	0|0|12|8	0.00	0.00	0.00	0.00	0.00	-43.51	0.10	0.55
ORF8-A549-Nt	P06744	GPI	3|0	3	1.50	2	0|0|4|5	0.00	0.00	0.00	0.00	0.00	-19.08	0.33	0.35
ORF8-A549-Nt	P20020	ATP2B1	2|0	2	1.00	2	0|0|0|0	0.49	0.97	0.49	0.97	0.49	-0.94	10.00	0.11
ORF8-A549-Nt	P46937	YAP1	2|3	5	2.50	2	0|0|22|20	0.00	0.00	0.00	0.00	0.00	-84.43	0.12	0.55
ORF8-A549-Nt	O60506	SYNCRIP	2|0	2	1.00	2	0|0|6|9	0.00	0.00	0.00	0.00	0.00	-32.42	0.13	0.55
ORF8-A549-Nt	Q93052	LPP	5|2	7	3.50	2	0|0|20|26	0.00	0.00	0.00	0.00	0.00	-93.21	0.15	0.55
ORF8-A549-Nt	P08243	ASNS	2|2	4	2.00	2	0|0|4|2	0.00	0.00	0.00	0.00	0.00	-8.21	0.67	0.30
ORF8-A549-Nt	Q96I24	FUBP3	2|0	2	1.00	2	0|0|10|10	0.00	0.00	0.00	0.00	0.00	-43.51	0.10	0.55
ORF8-A549-Nt	Q9BRD0	BUD13	4|5	9	4.50	2	0|0|14|13	0.00	0.00	0.00	0.00	0.00	-46.26	0.33	0.55
ORF8-A549-Nt	P32969	RPL9	2|2	4	2.00	2	0|0|0|0	0.97	0.97	0.98	0.98	0.98	4.06	20.00	0.00
ORF8-A549-Nt	Q13118	KLF10	4|0	4	2.00	2	0|0|17|19	0.00	0.00	0.00	0.00	0.00	-79.22	0.11	0.55
ORF8-A549-Nt	Q01518	CAP1	3|2	5	2.50	2	0|0|9|7	0.00	0.00	0.00	0.00	0.00	-28.26	0.31	0.55
ORF8-A549-Nt	Q8TDM6	DLG5	3|3	6	3.00	2	0|0|10|0	0.00	0.00	0.00	0.00	0.00	-13.02	0.60	0.36
ORF8-A549-Nt	Q9H2P0	ADNP	4|5	9	4.50	2	0|0|25|27	0.00	0.00	0.00	0.00	0.00	-99.55	0.17	0.55
ORF8-A549-Nt	Q8WYP5	AHCTF1	3|0	3	1.50	2	0|0|11|8	0.00	0.00	0.00	0.00	0.00	-41.17	0.16	0.55
ORF8-A549-Nt	Q8IV50	LYSMD2	2|0	2	1.00	2	0|0|5|4	0.00	0.00	0.00	0.00	0.00	-19.19	0.22	0.55
ORF8-A549-Nt	P25789	PSMA4	2|0	2	1.00	2	0|0|14|9	0.00	0.00	0.00	0.00	0.00	-50.18	0.09	0.55
ORF8-A549-Nt	Q96H55	MYO19	2|0	2	1.00	2	0|0|7|9	0.00	0.00	0.00	0.00	0.00	-34.56	0.12	0.55
ORF8-A549-Nt	P34897	SHMT2	2|3	5	2.50	2	0|0|0|0	0.98	1.00	0.98	1.00	0.98	3.54	25.00	0.00
ORF8-A549-Nt	Q15459	SF3A1	2|0	2	1.00	2	0|0|14|10	0.00	0.00	0.00	0.00	0.00	-52.42	0.08	0.55
ORF8-A549-Nt	P0CAP2	POLR2M	3|2	5	2.50	2	0|0|14|12	0.00	0.00	0.00	0.00	0.00	-49.63	0.19	0.55
ORF8-A549-Nt	Q5H9R7	PPP6R3	2|0	2	1.00	2	0|0|14|14	0.00	0.00	0.00	0.00	0.00	-61.29	0.07	0.55
ORF8-A549-Nt	Q99081	TCF12	2|4	6	3.00	2	0|0|22|25	0.00	0.00	0.00	0.00	0.00	-95.41	0.13	0.55
ORF8-A549-Nt	Q9UNY4	TTF2	2|2	4	2.00	2	0|0|15|13	0.00	0.00	0.00	0.00	0.00	-53.95	0.14	0.55
ORF8-A549-Nt	Q5JSZ5	PRRC2B	4|0	4	2.00	2	0|0|6|5	0.00	0.00	0.00	0.00	0.00	-23.59	0.36	0.37
ORF8-A549-Nt	Q9NYF8	BCLAF1	3|2	5	2.50	2	0|0|10|9	0.00	0.00	0.00	0.00	0.00	-34.68	0.26	0.55
ORF8-A549-Nt	Q86YL5	TDRP	4|2	6	3.00	2	0|0|9|8	0.00	0.00	0.00	0.00	0.00	-30.46	0.35	0.55
ORF8-A549-Nt	P50238	CRIP1	4|3	7	3.50	2	0|0|6|9	0.00	0.00	0.00	0.00	0.00	-23.86	0.47	0.42
ORF8-A549-Nt	P42224	STAT1	3|2	5	2.50	2	0|0|18|14	0.00	0.00	0.00	0.00	0.00	-62.42	0.16	0.55
ORF8-A549-Nt	P11441	UBL4A	2|0	2	1.00	2	0|0|0|0	0.49	0.97	0.49	0.97	0.49	-0.97	10.00	0.11
ORF8-A549-Nt	Q70CQ2	USP34	3|0	3	1.50	2	0|0|3|0	0.13	0.26	0.12	0.24	0.13	-6.01	1.00	0.21
ORF8-A549-Nt	Q9NRY5	FAM114A2	2|3	5	2.50	2	0|0|18|15	0.00	0.00	0.00	0.00	0.00	-64.80	0.15	0.55
ORF8-A549-Nt	P46778	RPL21	3|4	7	3.50	2	0|0|0|0	1.00	1.00	1.00	1.00	1.00	5.68	35.00	0.00
ORF8-A549-Nt	Q9Y4W2	LAS1L	2|5	7	3.50	2	0|0|11|4	0.00	0.00	0.00	0.00	0.00	-25.82	0.47	0.41
ORF8-A549-Nt	P02666	CASB_BOVIN	4|0	4	2.00	2	0|0|0|0	0.50	1.00	0.50	1.00	0.50	-1.05	20.00	0.05
ORF8-A549-Nt	P61513	RPL37A	2|0	2	1.00	2	0|0|0|0	0.49	0.97	0.49	0.97	0.49	-0.92	10.00	0.11
ORF8-A549-Nt	Q71F56	MED13L	2|0	2	1.00	2	0|0|2|3	0.00	0.00	0.00	0.00	0.00	-10.51	0.40	0.28
ORF8-A549-Nt	Q99700	ATXN2	2|2	4	2.00	2	0|0|11|7	0.00	0.00	0.00	0.00	0.00	-32.54	0.22	0.55
ORF8-A549-Nt	Q96JH7	VCPIP1	2|0	2	1.00	2	0|0|18|8	0.00	0.00	0.00	0.00	0.00	-56.31	0.08	0.55
ORF8-A549-Nt	Q8WY36	BBX	2|2	4	2.00	2	0|0|21|15	0.00	0.00	0.00	0.00	0.00	-71.32	0.11	0.55
ORF8-A549-Nt	Q12772	SREBF2	5|7	12	6.00	2	0|0|0|0	1.00	1.00	1.00	1.00	1.00	8.81	60.00	0.00
ORF8-A549-Nt	B7ZAQ6	GPR89A	2|0	2	1.00	2	0|0|0|0	0.49	0.97	0.49	0.97	0.49	-1.00	10.00	0.11
ORF8-A549-Nt	Q9UK61	TASOR	2|0	2	1.00	2	0|0|16|15	0.00	0.00	0.00	0.00	0.00	-68.05	0.06	0.55
ORF8-A549-Nt	O15014	ZNF609	2|3	5	2.50	2	0|0|20|18	0.00	0.00	0.00	0.00	0.00	-75.68	0.13	0.55
ORF8-A549-Nt	P24928	POLR2A	2|0	2	1.00	2	0|0|4|4	0.00	0.00	0.00	0.00	0.00	-16.95	0.25	0.55
ORF8-A549-Nt	Q6UW68	TMEM205	2|0	2	1.00	2	0|0|0|0	0.49	0.97	0.49	0.97	0.49	-1.05	10.00	0.11
ORF8-A549-Nt	P26599	PTBP1	3|0	3	1.50	2	0|0|5|4	0.00	0.00	0.00	0.00	0.00	-19.03	0.33	0.35
ORF8-A549-Nt	P29317	EPHA2	3|2	5	2.50	2	0|0|0|0	0.98	1.00	0.98	1.00	0.98	3.54	25.00	0.00
ORF8-A549-Nt	P14866	HNRNPL	2|0	2	1.00	2	0|0|5|6	0.00	0.00	0.00	0.00	0.00	-23.45	0.18	0.55
ORF8-A549-Nt	P47914	RPL29	2|0	2	1.00	2	0|0|0|0	0.49	0.97	0.49	0.97	0.49	-1.02	10.00	0.11
ORF8-A549-Nt	Q9P0T7	TMEM9	2|0	2	1.00	2	0|0|0|0	0.49	0.97	0.49	0.97	0.49	-1.05	10.00	0.11
ORF8-A549-Nt	P56181	NDUFV3	2|0	2	1.00	2	0|0|0|0	0.49	0.97	0.49	0.97	0.49	-1.05	10.00	0.11
ORF8-A549-Nt	Q9Y5E7	PCDHB2	2|0	2	1.00	2	0|0|0|0	0.49	0.97	0.49	0.97	0.49	-1.05	10.00	0.11
ORF8-A549-Nt	O95433	AHSA1	4|5	9	4.50	2	0|0|14|12	0.00	0.00	0.00	0.00	0.00	-44.00	0.35	0.55
ORF8-A549-Nt	Q96A33	CCDC47	2|0	2	1.00	2	0|0|0|0	0.49	0.97	0.49	0.97	0.49	-0.97	10.00	0.11
ORF8-A549-Nt	Q9BY44	EIF2A	2|6	8	4.00	2	0|0|24|23	0.00	0.00	0.00	0.00	0.00	-95.41	0.17	0.55
ORF8-A549-Nt	Q15070	OXA1L	3|3	6	3.00	2	0|0|0|0	1.00	1.00	1.00	1.00	1.00	5.33	30.00	0.00
ORF8-A549-Nt	Q5HYI8	RABL3	4|0	4	2.00	2	0|0|0|0	0.50	1.00	0.50	1.00	0.50	-1.05	20.00	0.05
ORF8-A549-Nt	Q9UPN3	MACF1	3|0	3	1.50	2	0|0|3|3	0.00	0.00	0.00	0.00	0.00	-12.59	0.50	0.29
ORF8-A549-Nt	Q9UPY5	SLC7A11	2|0	2	1.00	2	0|0|0|0	0.49	0.97	0.49	0.97	0.49	-1.05	10.00	0.11
ORF8-A549-Nt	Q86SJ2	AMIGO2	3|2	5	2.50	2	0|0|0|0	0.98	1.00	0.98	1.00	0.98	3.49	25.00	0.00
ORF8-A549-Nt	O43143	DHX15	2|4	6	3.00	2	0|0|9|9	0.00	0.00	0.00	0.00	0.00	-32.46	0.33	0.55
ORF8-A549-Nt	Q9UGI8	TES	2|2	4	2.00	2	0|0|19|13	0.00	0.00	0.00	0.00	0.00	-62.66	0.12	0.55
ORF8-A549-Nt	O15231	ZNF185	2|0	2	1.00	2	0|0|12|15	0.00	0.00	0.00	0.00	0.00	-59.12	0.07	0.55
ORF8-A549-Nt	Q14680	MELK	2|0	2	1.00	2	0|0|4|3	0.00	0.00	0.00	0.00	0.00	-14.82	0.29	0.33
ORF8-A549-Nt	Q9Y2H5	PLEKHA6	2|0	2	1.00	2	0|0|11|8	0.00	0.00	0.00	0.00	0.00	-41.30	0.11	0.55
ORF8-A549-Nt	P16949	STMN1	2|0	2	1.00	2	0|0|5|5	0.00	0.00	0.00	0.00	0.00	-21.29	0.20	0.55
ORF8-A549-Nt	Q9H0A0	NAT10	2|4	6	3.00	2	0|0|0|0	0.99	1.00	0.98	1.00	0.99	3.49	30.00	0.00
ORF8-A549-Nt	A1L390	PLEKHG3	2|0	2	1.00	2	0|0|5|4	0.00	0.00	0.00	0.00	0.00	-19.19	0.22	0.55
ORF8-A549-Nt	O94925	GLS	2|2	4	2.00	2	0|0|0|0	0.97	0.97	0.97	0.97	0.97	3.49	20.00	0.00
ORF8-A549-Nt	A2RUB1	MEIOC	4|2	6	3.00	2	0|0|4|10	0.00	0.00	0.00	0.00	0.00	-23.80	0.43	0.41
ORF8-A549-Nt	P17987	TCP1	3|3	6	3.00	2	0|0|0|0	1.00	1.00	1.00	1.00	1.00	5.33	30.00	0.00
ORF8-A549-Nt	O15504	NUP42	3|3	6	3.00	2	0|0|0|0	1.00	1.00	1.00	1.00	1.00	5.36	30.00	0.00
ORF8-A549-Nt	Q659A1	ICE2	2|2	4	2.00	2	0|0|11|7	0.00	0.00	0.00	0.00	0.00	-32.54	0.22	0.55
ORF8-A549-Nt	Q9ULL5	PRR12	3|0	3	1.50	2	0|0|3|5	0.00	0.00	0.00	0.00	0.00	-16.95	0.38	0.33
ORF8-A549-Nt	P42892	ECE1	4|2	6	3.00	2	0|0|0|0	0.99	1.00	0.98	1.00	0.99	3.49	30.00	0.00
ORF8-A549-Nt	P49756	RBM25	2|0	2	1.00	2	0|0|15|10	0.00	0.00	0.00	0.00	0.00	-54.66	0.08	0.55
ORF8-A549-Nt	Q9H019	MTFR1L	2|0	2	1.00	2	0|0|0|4	0.01	0.02	0.01	0.02	0.01	-7.69	0.50	0.25
ORF8-A549-Nt	P55196	AFDN	4|0	4	2.00	2	0|0|13|8	0.00	0.00	0.00	0.00	0.00	-45.77	0.19	0.55
ORF8-A549-Nt	Q9HB71	CACYBP	2|0	2	1.00	2	0|0|2|2	0.00	0.01	0.01	0.01	0.01	-8.06	0.50	0.26
ORF8-A549-Nt	Q92945	KHSRP	2|2	4	2.00	2	0|0|10|11	0.00	0.00	0.00	0.00	0.00	-38.93	0.19	0.55
ORF8-A549-Nt	Q92538	GBF1	2|0	2	1.00	2	0|0|5|4	0.00	0.00	0.00	0.00	0.00	-19.19	0.22	0.55
ORF8-A549-Nt	O95758	PTBP3	3|0	3	1.50	2	0|0|0|0	0.50	1.00	0.50	1.00	0.50	-1.05	15.00	0.07
ORF8-A549-Nt	Q9BUN8	DERL1	3|0	3	1.50	2	4|0|0|0	0.04	0.07	0.05	0.10	0.05	-7.26	0.75	0.23
ORF8-A549-Nt	Q8TEU7	RAPGEF6	2|0	2	1.00	2	0|0|12|12	0.00	0.00	0.00	0.00	0.00	-52.42	0.08	0.55
ORF8-A549-Nt	P46781	RPS9	2|2	4	2.00	2	2|0|0|0	0.30	0.30	0.30	0.30	0.30	-0.85	2.00	0.18
ORF8-A549-Nt	P10606	COX5B	2|0	2	1.00	2	0|0|0|0	0.49	0.97	0.49	0.97	0.49	-1.05	10.00	0.11
ORF8-A549-Nt	P05387	RPLP2	2|0	2	1.00	2	0|0|4|4	0.00	0.00	0.00	0.00	0.00	-16.90	0.25	0.55
ORF8-A549-Nt	Q92572	AP3S1	2|0	2	1.00	2	0|0|6|3	0.00	0.00	0.00	0.00	0.00	-19.19	0.22	0.55
ORF8-A549-Nt	Q9NRG9	AAAS	2|2	4	2.00	2	0|0|0|0	0.97	0.97	0.97	0.97	0.97	3.49	20.00	0.00
ORF8-A549-Nt	P49757	NUMB	4|5	9	4.50	2	0|0|9|6	0.00	0.00	0.00	0.00	0.00	-21.89	0.60	0.41
ORF8-A549-Nt	Q07954	LRP1	4|0	4	2.00	2	0|0|0|13	0.00	0.00	0.00	0.00	0.00	-26.89	0.31	0.39
ORF8-A549-Nt	Q8ND24	RNF214	2|2	4	2.00	2	0|0|19|13	0.00	0.00	0.00	0.00	0.00	-62.66	0.12	0.55
ORF8-A549-Nt	Q9H330	TMEM245	2|0	2	1.00	2	0|0|0|0	0.49	0.97	0.49	0.97	0.49	-1.05	10.00	0.11
ORF8-A549-Nt	O60566	BUB1B	3|3	6	3.00	2	0|0|23|21	0.00	0.00	0.00	0.00	0.00	-85.42	0.14	0.55
ORF8-A549-Nt	P63104	YWHAZ	2|0	2	1.00	2	2|0|0|0	0.15	0.30	0.16	0.32	0.16	-3.65	1.00	0.20
ORF8-A549-Nt	Q6PJF5	RHBDF2	2|2	4	2.00	2	0|0|0|0	0.97	0.97	0.97	0.97	0.97	3.49	20.00	0.00
ORF8-A549-Nt	Q9H9S3	SEC61A2	2|0	2	1.00	2	0|0|0|0	0.49	0.97	0.49	0.97	0.49	-1.05	10.00	0.11
ORF8-A549-Nt	Q96GQ5	C16orf58	2|2	4	2.00	2	0|0|0|0	0.97	0.97	0.97	0.97	0.97	3.49	20.00	0.00
ORF8-A549-Nt	Q8TC07	TBC1D15	2|5	7	3.50	2	0|0|20|16	0.00	0.00	0.00	0.00	0.00	-71.05	0.19	0.55
ORF8-A549-Nt	P78527	PRKDC	3|3	6	3.00	2	0|0|3|6	0.00	0.00	0.00	0.00	0.00	-12.23	0.67	0.35
ORF8-A549-Nt	Q9BV38	WDR18	2|0	2	1.00	2	0|0|0|0	0.49	0.97	0.49	0.97	0.49	-0.97	10.00	0.11
ORF8-A549-Nt	P35240	NF2	0|3	3	1.50	2	0|0|21|15	0.00	0.00	0.00	0.00	0.00	-79.22	0.08	0.55
ORF8-A549-Nt	Q9NXW2	DNAJB12	0|3	3	1.50	2	0|0|0|0	0.50	1.00	0.50	1.00	0.50	-0.94	15.00	0.07
ORF8-A549-Nt	O95229	ZWINT	0|2	2	1.00	2	0|0|5|3	0.00	0.00	0.00	0.00	0.00	-16.90	0.25	0.55
ORF8-A549-Nt	Q13625	TP53BP2	0|2	2	1.00	2	0|0|20|22	0.00	0.00	0.00	0.00	0.00	-92.64	0.05	0.55
ORF8-A549-Nt	Q9H2U1	DHX36	0|4	4	2.00	2	0|0|12|9	0.00	0.00	0.00	0.00	0.00	-45.75	0.19	0.55
ORF8-A549-Nt	Q9Y570	PPME1	0|3	3	1.50	2	0|0|10|10	0.00	0.00	0.00	0.00	0.00	-43.34	0.15	0.55
ORF8-A549-Nt	Q14694	USP10	0|3	3	1.50	2	0|0|11|9	0.00	0.00	0.00	0.00	0.00	-43.51	0.15	0.55
ORF8-A549-Nt	Q99426	TBCB	0|3	3	1.50	2	0|0|6|6	0.00	0.00	0.00	0.00	0.00	-25.76	0.25	0.55
ORF8-A549-Nt	O15438	ABCC3	0|2	2	1.00	2	0|0|0|0	0.49	0.97	0.49	0.97	0.49	-1.05	10.00	0.11
ORF8-A549-Nt	P39656	DDOST	0|2	2	1.00	2	0|0|0|0	0.49	0.97	0.49	0.98	0.49	-0.62	10.00	0.11
ORF8-A549-Nt	O15143	ARPC1B	0|6	6	3.00	2	0|0|0|0	0.50	1.00	0.50	1.00	0.50	-1.05	30.00	0.04
ORF8-A549-Nt	Q15750	TAB1	0|2	2	1.00	2	0|0|9|8	0.00	0.00	0.00	0.00	0.00	-36.86	0.12	0.55
ORF8-A549-Nt	Q9NVP1	DDX18	0|2	2	1.00	2	0|0|6|5	0.00	0.00	0.00	0.00	0.00	-23.53	0.18	0.55
ORF8-A549-Nt	P49753	ACOT2	0|20	20	10.00	2	0|0|0|0	0.50	1.00	0.50	1.00	0.50	-1.05	100.00	0.03
ORF8-A549-Nt	Q16630	CPSF6	0|2	2	1.00	2	0|0|5|5	0.00	0.00	0.00	0.00	0.00	-21.35	0.20	0.55
ORF8-A549-Nt	Q99653	CHP1	0|3	3	1.50	2	0|0|0|0	0.50	1.00	0.50	1.00	0.50	-1.00	15.00	0.07
ORF8-A549-Nt	O15067	PFAS	0|3	3	1.50	2	0|0|3|3	0.00	0.00	0.00	0.00	0.00	-12.43	0.50	0.29
ORF8-A549-Nt	Q7KZF4	SND1	0|5	5	2.50	2	0|0|2|0	0.43	0.86	0.42	0.84	0.43	-3.84	2.50	0.17
ORF8-A549-Nt	Q5QJE6	DNTTIP2	0|3	3	1.50	2	0|0|15|11	0.00	0.00	0.00	0.00	0.00	-56.88	0.12	0.55
ORF8-A549-Nt	Q99570	PIK3R4	0|3	3	1.50	2	0|0|0|0	0.50	1.00	0.50	1.00	0.50	-1.05	15.00	0.07
ORF8-A549-Nt	Q9UH65	SWAP70	0|2	2	1.00	2	0|0|9|13	0.00	0.00	0.00	0.00	0.00	-47.96	0.09	0.55
ORF8-A549-Nt	Q14C86	GAPVD1	0|4	4	2.00	2	0|0|9|9	0.00	0.00	0.00	0.00	0.00	-39.06	0.22	0.55
ORF8-A549-Nt	Q9UKA4	AKAP11	0|3	3	1.50	2	0|0|12|10	0.00	0.00	0.00	0.00	0.00	-47.91	0.14	0.55
ORF8-A549-Nt	Q96QT4	TRPM7	0|5	5	2.50	2	0|0|0|0	0.50	1.00	0.50	1.00	0.50	-1.00	25.00	0.04
ORF8-A549-Nt	Q9NW82	WDR70	0|2	2	1.00	2	0|0|8|10	0.00	0.00	0.00	0.00	0.00	-39.06	0.11	0.55
ORF8-A549-Nt	Q9P2N5	RBM27	0|2	2	1.00	2	0|0|10|15	0.00	0.00	0.00	0.00	0.00	-54.66	0.08	0.55
ORF8-A549-Nt	Q9NQ34	TMEM9B	0|3	3	1.50	2	0|0|0|0	0.50	1.00	0.50	1.00	0.50	-1.05	15.00	0.07
ORF8-A549-Nt	Q9ULH0	KIDINS220	0|3	3	1.50	2	0|0|2|0	0.28	0.57	0.28	0.55	0.28	-3.79	1.50	0.18
ORF8-A549-Nt	P30419	NMT1	0|3	3	1.50	2	0|0|6|4	0.00	0.00	0.00	0.00	0.00	-21.35	0.30	0.37
ORF8-A549-Nt	Q9C0C9	UBE2O	0|3	3	1.50	2	0|0|7|6	0.00	0.00	0.00	0.00	0.00	-27.97	0.23	0.55
ORF8-A549-Nt	Q9H0C8	ILKAP	0|4	4	2.00	2	0|0|9|13	0.00	0.00	0.00	0.00	0.00	-47.96	0.18	0.55
ORF8-A549-Nt	Q8NFH5	NUP35	0|3	3	1.50	2	0|0|0|0	0.50	1.00	0.50	1.00	0.50	-0.94	15.00	0.07
ORF8-A549-Nt	Q8N0Z3	SPICE1	0|2	2	1.00	2	0|0|7|7	0.00	0.00	0.00	0.00	0.00	-30.18	0.14	0.55
ORF8-A549-Nt	Q8WU76	SCFD2	0|2	2	1.00	2	0|0|9|11	0.00	0.00	0.00	0.00	0.00	-43.51	0.10	0.55
ORF8-A549-Nt	Q04695	KRT17	0|13	13	6.50	2	0|25|0|0	0.00	0.00	0.00	0.00	0.00	-53.20	0.52	0.43
ORF8-A549-Nt	P23634	ATP2B4	0|2	2	1.00	2	0|0|0|0	0.49	0.97	0.49	0.97	0.49	-1.00	10.00	0.11
ORF8-A549-Nt	Q9UJU6	DBNL	0|5	5	2.50	2	0|0|16|20	0.00	0.00	0.00	0.00	0.00	-79.22	0.14	0.55
ORF8-A549-Nt	P23141	CES1	0|5	5	2.50	2	0|0|0|0	0.50	1.00	0.50	1.00	0.50	-1.05	25.00	0.04
ORF8-A549-Nt	P68133	ACTA1	0|7	7	3.50	2	0|2|6|5	0.00	0.00	0.00	0.00	0.00	-23.50	0.64	0.33
ORF8-A549-Nt	P12814	ACTN1	0|4	4	2.00	2	0|0|13|0	0.00	0.00	0.00	0.00	0.00	-26.89	0.31	0.39
ORF8-A549-Nt	Q99623	PHB2	0|4	4	2.00	2	0|0|0|0	0.50	1.00	0.50	1.00	0.50	-1.05	20.00	0.05
ORF8-A549-Nt	Q6PJT7	ZC3H14	0|5	5	2.50	2	0|0|22|21	0.00	0.00	0.00	0.00	0.00	-94.89	0.12	0.55
ORF8-A549-Nt	Q71RC2	LARP4	0|2	2	1.00	2	0|0|9|8	0.00	0.00	0.00	0.00	0.00	-36.86	0.12	0.55
ORF8-A549-Nt	Q9NQT8	KIF13B	0|4	4	2.00	2	0|0|5|4	0.00	0.00	0.00	0.00	0.00	-19.19	0.44	0.34
ORF8-A549-Nt	A0A0A6YYL4	CORO7-PAM16	0|9	9	4.50	2	0|0|38|0	0.00	0.00	0.00	0.00	0.00	-81.98	0.24	0.55
ORF8-A549-Nt	Q9UNZ2	NSFL1C	0|4	4	2.00	2	0|0|0|0	0.50	1.00	0.50	1.00	0.50	-1.05	20.00	0.05
ORF8-A549-Nt	P08237	PFKM	0|3	3	1.50	2	0|0|5|0	0.01	0.01	0.01	0.01	0.01	-9.94	0.60	0.25
ORF8-A549-Nt	P36404	ARL2	0|4	4	2.00	2	0|0|4|4	0.00	0.00	0.00	0.00	0.00	-16.95	0.50	0.32
ORF8-A549-Nt	P28074	PSMB5	0|3	3	1.50	2	0|0|0|0	0.50	1.00	0.50	1.00	0.50	-1.05	15.00	0.07
ORF8-A549-Nt	P11216	PYGB	0|5	5	2.50	2	0|0|0|7	0.00	0.01	0.00	0.01	0.00	-14.06	0.71	0.26
ORF8-A549-Nt	P47756	CAPZB	0|3	3	1.50	2	0|0|10|10	0.00	0.00	0.00	0.00	0.00	-43.51	0.15	0.55
ORF8-A549-Nt	P48668	KRT6C	0|29	29	14.50	2	41|0|0|21	0.00	0.00	0.00	0.00	0.00	-136.62	0.47	0.50
ORF8-A549-Nt	A6NKT7	RGPD3	0|26	26	13.00	2	0|0|0|0	0.50	1.00	0.50	1.00	0.50	-1.05	130.00	0.03
ORF8-A549-Nt	Q7L804	RAB11FIP2	0|2	2	1.00	2	0|0|6|0	0.00	0.00	0.00	0.00	0.00	-11.80	0.33	0.30
ORF8-A549-Nt	P62829	RPL23	0|2	2	1.00	2	0|0|0|0	0.49	0.97	0.49	0.98	0.49	-0.64	10.00	0.11
ORF8-A549-Nt	O76094	SRP72	0|2	2	1.00	2	0|0|0|0	0.49	0.97	0.49	0.97	0.49	-1.05	10.00	0.11
ORF8-A549-Nt	Q01469	FABP5	0|2	2	1.00	2	0|0|0|0	0.49	0.97	0.49	0.97	0.49	-1.05	10.00	0.11
ORF8-A549-Nt	Q92968	PEX13	0|2	2	1.00	2	0|0|0|0	0.49	0.97	0.49	0.97	0.49	-1.05	10.00	0.11
ORF8-A549-Nt	Q99442	SEC62	0|2	2	1.00	2	0|0|0|0	0.49	0.97	0.49	0.97	0.49	-1.05	10.00	0.11
ORF8-A549-Nt	Q9NVM9	INTS13	0|2	2	1.00	2	0|0|13|16	0.00	0.00	0.00	0.00	0.00	-63.59	0.07	0.55
ORF8-A549-Nt	Q8N614	TMEM156	0|2	2	1.00	2	0|0|0|0	0.49	0.97	0.49	0.97	0.49	-1.05	10.00	0.11
ORF8-A549-Nt	Q86UL3	GPAT4	0|4	4	2.00	2	0|0|0|0	0.50	1.00	0.50	1.00	0.50	-1.05	20.00	0.05
ORF8-A549-Nt	O43390	HNRNPR	0|3	3	1.50	2	0|0|6|8	0.00	0.00	0.00	0.00	0.00	-30.18	0.21	0.55
ORF8-A549-Nt	O15118	NPC1	0|3	3	1.50	2	0|0|0|0	0.50	1.00	0.50	1.00	0.50	-1.05	15.00	0.07
ORF8-A549-Nt	Q9ULW0	TPX2	0|4	4	2.00	2	0|0|26|28	0.00	0.00	0.00	0.00	0.00	-119.52	0.07	0.55
ORF8-A549-Nt	Q9NZU5	LMCD1	0|2	2	1.00	2	0|0|19|15	0.00	0.00	0.00	0.00	0.00	-74.75	0.06	0.55
ORF8-A549-Nt	A8CG34	POM121C	0|2	2	1.00	2	0|0|5|5	0.00	0.00	0.00	0.00	0.00	-21.35	0.20	0.55
ORF8-A549-Nt	Q7Z478	DHX29	0|3	3	1.50	2	0|0|3|5	0.00	0.00	0.00	0.00	0.00	-16.95	0.38	0.33
ORF8-A549-Nt	Q6NTF9	RHBDD2	0|3	3	1.50	2	0|0|0|0	0.50	1.00	0.50	1.00	0.50	-1.05	15.00	0.07
ORF8-A549-Nt	Q99829	CPNE1	0|2	2	1.00	2	0|0|0|0	0.49	0.97	0.49	0.97	0.49	-1.05	10.00	0.11
ORF8-A549-Nt	Q5UIP0	RIF1	0|3	3	1.50	2	0|0|21|13	0.00	0.00	0.00	0.00	0.00	-74.53	0.09	0.55
ORF8-A549-Nt	Q9Y3F4	STRAP	0|2	2	1.00	2	0|0|5|3	0.00	0.00	0.00	0.00	0.00	-16.95	0.25	0.55
ORF8-A549-Nt	Q9H2J4	PDCL3	0|2	2	1.00	2	0|0|5|5	0.00	0.00	0.00	0.00	0.00	-21.35	0.20	0.55
ORF8-A549-Nt	P18077	RPL35A	0|2	2	1.00	2	0|0|0|0	0.49	0.97	0.49	0.97	0.49	-0.97	10.00	0.11
ORF8-A549-Nt	Q8WVT3	TRAPPC12	0|3	3	1.50	2	0|0|3|0	0.13	0.26	0.12	0.24	0.13	-6.01	1.00	0.21
ORF8-A549-Nt	Q6UWP7	LCLAT1	0|2	2	1.00	2	0|0|0|0	0.49	0.97	0.49	0.97	0.49	-1.05	10.00	0.11
ORF8-A549-Nt	Q9NUQ2	AGPAT5	0|2	2	1.00	2	0|0|0|0	0.49	0.97	0.49	0.97	0.49	-1.05	10.00	0.11
ORF8-A549-Nt	O60443	GSDME	0|4	4	2.00	2	0|0|11|13	0.00	0.00	0.00	0.00	0.00	-52.42	0.17	0.55
ORF8-A549-Nt	Q96QC0	PPP1R10	0|3	3	1.50	2	0|0|12|12	0.00	0.00	0.00	0.00	0.00	-52.42	0.12	0.55
ORF8-A549-Nt	Q99873	PRMT1	0|2	2	1.00	2	0|0|0|0	0.49	0.97	0.49	0.97	0.49	-1.00	10.00	0.11
ORF8-A549-Nt	P40939	HADHA	0|2	2	1.00	2	0|0|0|0	0.49	0.97	0.49	0.97	0.49	-0.92	10.00	0.11
ORF8-A549-Nt	Q99871	HAUS7	0|2	2	1.00	2	0|0|6|5	0.00	0.00	0.00	0.00	0.00	-23.59	0.18	0.55
ORF8-A549-Nt	Q96HE9	PRR11	0|5	5	2.50	2	0|0|0|0	0.50	1.00	0.50	1.00	0.50	-1.02	25.00	0.04
ORF8-A549-Nt	Q9P032	NDUFAF4	0|2	2	1.00	2	0|0|0|0	0.49	0.97	0.49	0.97	0.49	-1.05	10.00	0.11
ORF8-A549-Nt	P78310	CXADR	0|2	2	1.00	2	0|0|0|0	0.49	0.97	0.49	0.97	0.49	-1.05	10.00	0.11
ORF8-A549-Nt	P47897	QARS1	0|3	3	1.50	2	0|0|2|2	0.02	0.04	0.02	0.04	0.02	-8.28	0.75	0.24
ORF8-A549-Nt	Q07617	SPAG1	0|2	2	1.00	2	0|0|6|7	0.00	0.00	0.00	0.00	0.00	-28.00	0.15	0.55
ORF8-A549-Nt	P14635	CCNB1	0|2	2	1.00	2	0|0|6|6	0.00	0.00	0.00	0.00	0.00	-25.76	0.17	0.55
ORF8-A549-Nt	O43402	EMC8	0|2	2	1.00	2	0|0|0|0	0.49	0.97	0.49	0.97	0.49	-1.05	10.00	0.11
ORF8-A549-Nt	Q8NEU8	APPL2	0|2	2	1.00	2	0|0|0|0	0.49	0.97	0.49	0.97	0.49	-1.05	10.00	0.11
ORF8-A549-Nt	Q9Y2G1	MYRF	0|3	3	1.50	2	0|0|0|0	0.50	1.00	0.50	1.00	0.50	-1.05	15.00	0.07
ORF8-A549-Nt	Q96K76	USP47	0|2	2	1.00	2	0|0|4|2	0.00	0.00	0.00	0.00	0.00	-12.59	0.33	0.31
ORF8-A549-Nt	Q96M89	CCDC138	0|2	2	1.00	2	0|0|0|2	0.15	0.30	0.14	0.28	0.15	-3.84	1.00	0.20
ORF8-A549-Nt	Q6P2E9	EDC4	0|2	2	1.00	2	0|0|9|11	0.00	0.00	0.00	0.00	0.00	-43.34	0.10	0.55
ORF8-A549-Nt	P04920	SLC4A2	0|2	2	1.00	2	0|0|0|0	0.49	0.97	0.49	0.97	0.49	-1.05	10.00	0.11
ORF8-A549-Nt	Q9NQW6	ANLN	0|2	2	1.00	2	0|0|15|15	0.00	0.00	0.00	0.00	0.00	-65.81	0.07	0.55
